grid size:4096
selection size:1477858
shape:Nebraska
shape_type:state
max_x_offset:1809
max_y_offset:3311
vertices
-0.5,313.5
-0.5,312.5
-0.5,311.5
-0.5,310.5
-0.5,309.5
-0.5,308.5
-0.5,307.5
-0.5,306.5
-0.5,305.5
-0.5,304.5
-0.5,303.5
-0.5,302.5
-0.5,301.5
-0.5,300.5
-0.5,299.5
-0.5,298.5
-0.5,297.5
-0.5,296.5
-0.5,295.5
-0.5,294.5
-0.5,293.5
-0.5,292.5
-0.5,291.5
-0.5,290.5
-0.5,289.5
-0.5,288.5
-0.5,287.5
-0.5,286.5
-0.5,285.5
-0.5,284.5
-0.5,283.5
-0.5,282.5
-0.5,281.5
-0.5,280.5
-0.5,279.5
-0.5,278.5
-0.5,277.5
-0.5,276.5
-0.5,275.5
-0.5,274.5
-0.5,273.5
-0.5,272.5
-0.5,271.5
-0.5,270.5
-0.5,269.5
-0.5,268.5
-0.5,267.5
-0.5,266.5
-0.5,265.5
-0.5,264.5
-0.5,263.5
-0.5,262.5
-0.5,261.5
0.5,261.5
1.5,261.5
2.5,261.5
3.5,261.5
4.5,261.5
5.5,261.5
6.5,261.5
7.5,261.5
8.5,261.5
9.5,261.5
10.5,261.5
11.5,261.5
12.5,261.5
13.5,261.5
14.5,261.5
15.5,261.5
16.5,261.5
17.5,261.5
18.5,261.5
19.5,261.5
20.5,261.5
21.5,261.5
22.5,261.5
23.5,261.5
24.5,261.5
25.5,261.5
26.5,261.5
27.5,261.5
28.5,261.5
29.5,261.5
30.5,261.5
31.5,261.5
32.5,261.5
33.5,261.5
34.5,261.5
35.5,261.5
36.5,261.5
37.5,261.5
38.5,261.5
39.5,261.5
40.5,261.5
41.5,261.5
42.5,261.5
43.5,261.5
44.5,261.5
45.5,261.5
46.5,261.5
47.5,261.5
48.5,261.5
49.5,261.5
50.5,261.5
51.5,261.5
52.5,261.5
53.5,261.5
54.5,261.5
55.5,261.5
56.5,261.5
57.5,261.5
58.5,261.5
59.5,261.5
60.5,261.5
61.5,261.5
62.5,261.5
63.5,261.5
64.5,261.5
65.5,261.5
66.5,261.5
67.5,261.5
68.5,261.5
69.5,261.5
70.5,261.5
71.5,261.5
72.5,261.5
73.5,261.5
74.5,261.5
75.5,261.5
76.5,261.5
77.5,261.5
78.5,261.5
79.5,261.5
80.5,261.5
81.5,261.5
82.5,261.5
83.5,261.5
84.5,261.5
85.5,261.5
86.5,261.5
87.5,261.5
88.5,261.5
89.5,261.5
90.5,261.5
91.5,261.5
92.5,261.5
93.5,261.5
94.5,261.5
95.5,261.5
96.5,261.5
97.5,261.5
98.5,261.5
99.5,261.5
100.5,261.5
101.5,261.5
102.5,261.5
103.5,261.5
104.5,261.5
105.5,261.5
106.5,261.5
107.5,261.5
108.5,261.5
109.5,261.5
110.5,261.5
111.5,261.5
112.5,261.5
113.5,261.5
114.5,261.5
115.5,261.5
116.5,261.5
117.5,261.5
118.5,261.5
119.5,261.5
120.5,261.5
121.5,261.5
122.5,261.5
123.5,261.5
124.5,261.5
125.5,261.5
126.5,261.5
127.5,261.5
128.5,261.5
129.5,261.5
130.5,261.5
131.5,261.5
132.5,261.5
133.5,261.5
134.5,261.5
135.5,261.5
136.5,261.5
137.5,261.5
138.5,261.5
139.5,261.5
140.5,261.5
141.5,261.5
142.5,261.5
143.5,261.5
144.5,261.5
145.5,261.5
146.5,261.5
147.5,261.5
148.5,261.5
149.5,261.5
150.5,261.5
151.5,261.5
152.5,261.5
153.5,261.5
154.5,261.5
155.5,261.5
156.5,261.5
157.5,261.5
158.5,261.5
159.5,261.5
160.5,261.5
161.5,261.5
162.5,261.5
163.5,261.5
164.5,261.5
165.5,261.5
166.5,261.5
167.5,261.5
168.5,261.5
169.5,261.5
170.5,261.5
171.5,261.5
172.5,261.5
173.5,261.5
174.5,261.5
175.5,261.5
176.5,261.5
177.5,261.5
178.5,261.5
179.5,261.5
180.5,261.5
181.5,261.5
182.5,261.5
183.5,261.5
184.5,261.5
185.5,261.5
186.5,261.5
187.5,261.5
188.5,261.5
189.5,261.5
190.5,261.5
191.5,261.5
192.5,261.5
193.5,261.5
194.5,261.5
195.5,261.5
196.5,261.5
197.5,261.5
198.5,261.5
199.5,261.5
200.5,261.5
201.5,261.5
202.5,261.5
203.5,261.5
204.5,261.5
205.5,261.5
206.5,261.5
207.5,261.5
208.5,261.5
209.5,261.5
210.5,261.5
211.5,261.5
212.5,261.5
213.5,261.5
214.5,261.5
215.5,261.5
216.5,261.5
217.5,261.5
218.5,261.5
219.5,261.5
220.5,261.5
221.5,261.5
222.5,261.5
223.5,261.5
224.5,261.5
225.5,261.5
226.5,261.5
227.5,261.5
228.5,261.5
229.5,261.5
230.5,261.5
231.5,261.5
232.5,261.5
233.5,261.5
234.5,261.5
235.5,261.5
236.5,261.5
237.5,261.5
238.5,261.5
239.5,261.5
240.5,261.5
241.5,261.5
242.5,261.5
243.5,261.5
244.5,261.5
245.5,261.5
246.5,261.5
247.5,261.5
248.5,261.5
249.5,261.5
250.5,261.5
251.5,261.5
252.5,261.5
253.5,261.5
254.5,261.5
255.5,261.5
256.5,261.5
257.5,261.5
258.5,261.5
259.5,261.5
260.5,261.5
261.5,261.5
262.5,261.5
263.5,261.5
264.5,261.5
265.5,261.5
266.5,261.5
267.5,261.5
268.5,261.5
269.5,261.5
270.5,261.5
271.5,261.5
272.5,261.5
273.5,261.5
274.5,261.5
275.5,261.5
276.5,261.5
277.5,261.5
278.5,261.5
279.5,261.5
280.5,261.5
281.5,261.5
282.5,261.5
283.5,261.5
284.5,261.5
285.5,261.5
286.5,261.5
287.5,261.5
288.5,261.5
289.5,261.5
290.5,261.5
291.5,261.5
292.5,261.5
293.5,261.5
294.5,261.5
295.5,261.5
296.5,261.5
297.5,261.5
298.5,261.5
299.5,261.5
300.5,261.5
301.5,261.5
302.5,261.5
303.5,261.5
304.5,261.5
305.5,261.5
306.5,261.5
307.5,261.5
308.5,261.5
309.5,261.5
310.5,261.5
311.5,261.5
312.5,261.5
313.5,261.5
314.5,261.5
315.5,261.5
316.5,261.5
317.5,261.5
318.5,261.5
319.5,261.5
320.5,261.5
321.5,261.5
322.5,261.5
323.5,261.5
324.5,261.5
325.5,261.5
326.5,261.5
327.5,261.5
328.5,261.5
329.5,261.5
330.5,261.5
331.5,261.5
332.5,261.5
333.5,261.5
334.5,261.5
335.5,261.5
336.5,261.5
337.5,261.5
338.5,261.5
339.5,261.5
340.5,261.5
341.5,261.5
342.5,261.5
343.5,261.5
344.5,261.5
345.5,261.5
346.5,261.5
347.5,261.5
348.5,261.5
349.5,261.5
350.5,261.5
351.5,261.5
352.5,261.5
353.5,261.5
354.5,261.5
355.5,261.5
356.5,261.5
357.5,261.5
358.5,261.5
359.5,261.5
360.5,261.5
361.5,261.5
362.5,261.5
363.5,261.5
364.5,261.5
365.5,261.5
366.5,261.5
367.5,261.5
368.5,261.5
369.5,261.5
370.5,261.5
371.5,261.5
372.5,261.5
373.5,261.5
374.5,261.5
375.5,261.5
376.5,261.5
377.5,261.5
378.5,261.5
379.5,261.5
380.5,261.5
381.5,261.5
382.5,261.5
383.5,261.5
384.5,261.5
385.5,261.5
386.5,261.5
387.5,261.5
388.5,261.5
389.5,261.5
390.5,261.5
391.5,261.5
392.5,261.5
393.5,261.5
394.5,261.5
395.5,261.5
396.5,261.5
397.5,261.5
398.5,261.5
399.5,261.5
400.5,261.5
401.5,261.5
402.5,261.5
403.5,261.5
404.5,261.5
405.5,261.5
406.5,261.5
407.5,261.5
408.5,261.5
409.5,261.5
410.5,261.5
411.5,261.5
412.5,261.5
413.5,261.5
414.5,261.5
415.5,261.5
416.5,261.5
417.5,261.5
418.5,261.5
419.5,261.5
420.5,261.5
421.5,261.5
422.5,261.5
423.5,261.5
424.5,261.5
425.5,261.5
426.5,261.5
427.5,261.5
428.5,261.5
429.5,261.5
430.5,261.5
431.5,261.5
432.5,261.5
433.5,261.5
434.5,261.5
435.5,261.5
436.5,261.5
437.5,261.5
438.5,261.5
439.5,261.5
440.5,261.5
441.5,261.5
442.5,261.5
443.5,261.5
444.5,261.5
445.5,261.5
446.5,261.5
447.5,261.5
448.5,261.5
449.5,261.5
450.5,261.5
451.5,261.5
452.5,261.5
453.5,261.5
454.5,261.5
455.5,261.5
456.5,261.5
457.5,261.5
458.5,261.5
459.5,261.5
460.5,261.5
461.5,261.5
462.5,261.5
463.5,261.5
464.5,261.5
465.5,261.5
466.5,261.5
467.5,261.5
468.5,261.5
469.5,261.5
470.5,261.5
471.5,261.5
472.5,261.5
473.5,261.5
474.5,261.5
475.5,261.5
476.5,261.5
477.5,261.5
478.5,261.5
479.5,261.5
480.5,261.5
481.5,261.5
482.5,261.5
483.5,261.5
484.5,261.5
485.5,261.5
486.5,261.5
487.5,261.5
488.5,261.5
489.5,261.5
490.5,261.5
491.5,261.5
492.5,261.5
493.5,261.5
494.5,261.5
495.5,261.5
496.5,261.5
497.5,261.5
498.5,261.5
499.5,261.5
500.5,261.5
501.5,261.5
502.5,261.5
503.5,261.5
504.5,261.5
505.5,261.5
506.5,261.5
507.5,261.5
508.5,261.5
509.5,261.5
510.5,261.5
511.5,261.5
512.5,261.5
513.5,261.5
514.5,261.5
515.5,261.5
516.5,261.5
517.5,261.5
518.5,261.5
519.5,261.5
520.5,261.5
521.5,261.5
522.5,261.5
522.5,260.5
522.5,259.5
522.5,258.5
522.5,257.5
522.5,256.5
522.5,255.5
522.5,254.5
522.5,253.5
522.5,252.5
522.5,251.5
522.5,250.5
523.5,250.5
523.5,249.5
523.5,248.5
523.5,247.5
523.5,246.5
523.5,245.5
523.5,244.5
523.5,243.5
523.5,242.5
523.5,241.5
523.5,240.5
523.5,239.5
523.5,238.5
523.5,237.5
523.5,236.5
523.5,235.5
523.5,234.5
523.5,233.5
523.5,232.5
523.5,231.5
523.5,230.5
523.5,229.5
523.5,228.5
523.5,227.5
523.5,226.5
523.5,225.5
523.5,224.5
523.5,223.5
523.5,222.5
523.5,221.5
523.5,220.5
523.5,219.5
523.5,218.5
523.5,217.5
523.5,216.5
523.5,215.5
523.5,214.5
523.5,213.5
523.5,212.5
523.5,211.5
523.5,210.5
523.5,209.5
523.5,208.5
523.5,207.5
523.5,206.5
523.5,205.5
523.5,204.5
523.5,203.5
523.5,202.5
523.5,201.5
523.5,200.5
523.5,199.5
523.5,198.5
523.5,197.5
523.5,196.5
523.5,195.5
523.5,194.5
523.5,193.5
523.5,192.5
523.5,191.5
523.5,190.5
523.5,189.5
523.5,188.5
523.5,187.5
523.5,186.5
523.5,185.5
523.5,184.5
523.5,183.5
523.5,182.5
523.5,181.5
523.5,180.5
523.5,179.5
523.5,178.5
523.5,177.5
523.5,176.5
523.5,175.5
523.5,174.5
523.5,173.5
523.5,172.5
523.5,171.5
523.5,170.5
523.5,169.5
523.5,168.5
523.5,167.5
523.5,166.5
523.5,165.5
523.5,164.5
523.5,163.5
523.5,162.5
523.5,161.5
523.5,160.5
523.5,159.5
523.5,158.5
523.5,157.5
523.5,156.5
523.5,155.5
523.5,154.5
523.5,153.5
523.5,152.5
523.5,151.5
523.5,150.5
523.5,149.5
523.5,148.5
523.5,147.5
523.5,146.5
523.5,145.5
523.5,144.5
523.5,143.5
523.5,142.5
523.5,141.5
523.5,140.5
522.5,140.5
522.5,139.5
522.5,138.5
522.5,137.5
522.5,136.5
522.5,135.5
523.5,135.5
523.5,134.5
523.5,133.5
523.5,132.5
523.5,131.5
523.5,130.5
523.5,129.5
523.5,128.5
523.5,127.5
523.5,126.5
523.5,125.5
523.5,124.5
523.5,123.5
523.5,122.5
523.5,121.5
523.5,120.5
523.5,119.5
523.5,118.5
523.5,117.5
523.5,116.5
523.5,115.5
523.5,114.5
523.5,113.5
523.5,112.5
523.5,111.5
523.5,110.5
523.5,109.5
523.5,108.5
523.5,107.5
523.5,106.5
523.5,105.5
523.5,104.5
523.5,103.5
522.5,103.5
522.5,102.5
522.5,101.5
522.5,100.5
522.5,99.5
522.5,98.5
522.5,97.5
522.5,96.5
522.5,95.5
522.5,94.5
522.5,93.5
522.5,92.5
522.5,91.5
522.5,90.5
523.5,90.5
523.5,89.5
523.5,88.5
523.5,87.5
523.5,86.5
523.5,85.5
523.5,84.5
523.5,83.5
523.5,82.5
523.5,81.5
523.5,80.5
523.5,79.5
523.5,78.5
523.5,77.5
523.5,76.5
523.5,75.5
523.5,74.5
523.5,73.5
523.5,72.5
523.5,71.5
523.5,70.5
523.5,69.5
522.5,69.5
522.5,68.5
522.5,67.5
522.5,66.5
522.5,65.5
522.5,64.5
522.5,63.5
522.5,62.5
522.5,61.5
522.5,60.5
522.5,59.5
522.5,58.5
522.5,57.5
522.5,56.5
522.5,55.5
522.5,54.5
522.5,53.5
522.5,52.5
522.5,51.5
522.5,50.5
522.5,49.5
522.5,48.5
522.5,47.5
522.5,46.5
522.5,45.5
522.5,44.5
522.5,43.5
522.5,42.5
522.5,41.5
522.5,40.5
522.5,39.5
522.5,38.5
522.5,37.5
522.5,36.5
522.5,35.5
522.5,34.5
522.5,33.5
522.5,32.5
522.5,31.5
522.5,30.5
522.5,29.5
522.5,28.5
522.5,27.5
522.5,26.5
522.5,25.5
522.5,24.5
522.5,23.5
522.5,22.5
522.5,21.5
522.5,20.5
522.5,19.5
522.5,18.5
522.5,17.5
522.5,16.5
522.5,15.5
522.5,14.5
522.5,13.5
522.5,12.5
522.5,11.5
522.5,10.5
522.5,9.5
522.5,8.5
522.5,7.5
522.5,6.5
522.5,5.5
522.5,4.5
522.5,3.5
522.5,2.5
522.5,1.5
522.5,0.5
523.5,0.5
524.5,0.5
525.5,0.5
526.5,0.5
527.5,0.5
528.5,0.5
529.5,0.5
530.5,0.5
531.5,0.5
532.5,0.5
533.5,0.5
534.5,0.5
535.5,0.5
536.5,0.5
537.5,0.5
538.5,0.5
539.5,0.5
540.5,0.5
541.5,0.5
542.5,0.5
543.5,0.5
544.5,0.5
545.5,0.5
546.5,0.5
547.5,0.5
548.5,0.5
549.5,0.5
550.5,0.5
551.5,0.5
552.5,0.5
553.5,0.5
554.5,0.5
555.5,0.5
556.5,0.5
557.5,0.5
558.5,0.5
559.5,0.5
560.5,0.5
561.5,0.5
562.5,0.5
563.5,0.5
564.5,0.5
565.5,0.5
566.5,0.5
567.5,0.5
568.5,0.5
569.5,0.5
570.5,0.5
571.5,0.5
572.5,0.5
573.5,0.5
574.5,0.5
575.5,0.5
576.5,0.5
577.5,0.5
578.5,0.5
579.5,0.5
580.5,0.5
581.5,0.5
582.5,0.5
583.5,0.5
584.5,0.5
585.5,0.5
586.5,0.5
587.5,0.5
588.5,0.5
589.5,0.5
590.5,0.5
591.5,0.5
592.5,0.5
593.5,0.5
594.5,0.5
595.5,0.5
596.5,0.5
597.5,0.5
598.5,0.5
599.5,0.5
600.5,0.5
601.5,0.5
602.5,0.5
603.5,0.5
604.5,0.5
605.5,0.5
606.5,0.5
607.5,0.5
608.5,0.5
609.5,0.5
610.5,0.5
611.5,0.5
612.5,0.5
613.5,0.5
614.5,0.5
615.5,0.5
616.5,0.5
617.5,0.5
618.5,0.5
619.5,0.5
620.5,0.5
621.5,0.5
622.5,0.5
623.5,0.5
624.5,0.5
625.5,0.5
626.5,0.5
627.5,0.5
628.5,0.5
629.5,0.5
630.5,0.5
631.5,0.5
632.5,0.5
633.5,0.5
634.5,0.5
635.5,0.5
636.5,0.5
637.5,0.5
638.5,0.5
639.5,0.5
640.5,0.5
641.5,0.5
642.5,0.5
643.5,0.5
644.5,0.5
645.5,0.5
646.5,0.5
647.5,0.5
648.5,0.5
649.5,0.5
650.5,0.5
651.5,0.5
652.5,0.5
653.5,0.5
654.5,0.5
655.5,0.5
656.5,0.5
657.5,0.5
658.5,0.5
659.5,0.5
660.5,0.5
661.5,0.5
662.5,0.5
663.5,0.5
664.5,0.5
665.5,0.5
666.5,0.5
667.5,0.5
668.5,0.5
669.5,0.5
670.5,0.5
671.5,0.5
672.5,0.5
673.5,0.5
674.5,0.5
675.5,0.5
676.5,0.5
677.5,0.5
678.5,0.5
679.5,0.5
680.5,0.5
681.5,0.5
682.5,0.5
683.5,0.5
684.5,0.5
685.5,0.5
686.5,0.5
687.5,0.5
688.5,0.5
689.5,0.5
690.5,0.5
691.5,0.5
692.5,0.5
693.5,0.5
694.5,0.5
695.5,0.5
696.5,0.5
697.5,0.5
698.5,0.5
699.5,0.5
700.5,0.5
701.5,0.5
702.5,0.5
703.5,0.5
704.5,0.5
705.5,0.5
706.5,0.5
707.5,0.5
708.5,0.5
709.5,0.5
710.5,0.5
711.5,0.5
712.5,0.5
713.5,0.5
714.5,0.5
715.5,0.5
716.5,0.5
717.5,0.5
718.5,0.5
719.5,0.5
720.5,0.5
721.5,0.5
722.5,0.5
723.5,0.5
724.5,0.5
725.5,0.5
726.5,0.5
727.5,0.5
728.5,0.5
729.5,0.5
730.5,0.5
731.5,0.5
732.5,0.5
733.5,0.5
734.5,0.5
735.5,0.5
736.5,0.5
737.5,0.5
738.5,0.5
739.5,0.5
740.5,0.5
741.5,0.5
742.5,0.5
743.5,0.5
744.5,0.5
745.5,0.5
746.5,0.5
747.5,0.5
748.5,0.5
749.5,0.5
750.5,0.5
751.5,0.5
752.5,0.5
753.5,0.5
754.5,0.5
755.5,0.5
756.5,0.5
757.5,0.5
758.5,0.5
759.5,0.5
760.5,0.5
761.5,0.5
762.5,0.5
763.5,0.5
764.5,0.5
765.5,0.5
766.5,0.5
767.5,0.5
768.5,0.5
769.5,0.5
770.5,0.5
771.5,0.5
772.5,0.5
773.5,0.5
774.5,0.5
775.5,0.5
776.5,0.5
777.5,0.5
778.5,0.5
779.5,0.5
780.5,0.5
781.5,0.5
782.5,0.5
783.5,0.5
784.5,0.5
785.5,0.5
786.5,0.5
787.5,0.5
788.5,0.5
789.5,0.5
790.5,0.5
791.5,0.5
792.5,0.5
793.5,0.5
794.5,0.5
795.5,0.5
796.5,0.5
797.5,0.5
798.5,0.5
799.5,0.5
800.5,0.5
801.5,0.5
802.5,0.5
803.5,0.5
804.5,0.5
805.5,0.5
806.5,0.5
807.5,0.5
808.5,0.5
809.5,0.5
810.5,0.5
811.5,0.5
812.5,0.5
813.5,0.5
814.5,0.5
815.5,0.5
816.5,0.5
817.5,0.5
818.5,0.5
819.5,0.5
820.5,0.5
821.5,0.5
822.5,0.5
823.5,0.5
824.5,0.5
825.5,0.5
826.5,0.5
827.5,0.5
828.5,0.5
829.5,0.5
830.5,0.5
831.5,0.5
832.5,0.5
833.5,0.5
834.5,0.5
835.5,0.5
836.5,0.5
837.5,0.5
838.5,0.5
839.5,0.5
840.5,0.5
841.5,0.5
842.5,0.5
843.5,0.5
844.5,0.5
845.5,0.5
846.5,0.5
847.5,0.5
848.5,0.5
849.5,0.5
850.5,0.5
851.5,0.5
852.5,0.5
853.5,0.5
854.5,0.5
855.5,0.5
856.5,0.5
857.5,0.5
858.5,0.5
859.5,0.5
860.5,0.5
861.5,0.5
862.5,0.5
863.5,0.5
864.5,0.5
865.5,0.5
866.5,0.5
867.5,0.5
868.5,0.5
869.5,0.5
870.5,0.5
871.5,0.5
872.5,0.5
873.5,0.5
874.5,0.5
875.5,0.5
876.5,0.5
877.5,0.5
878.5,0.5
879.5,0.5
880.5,0.5
881.5,0.5
882.5,0.5
883.5,0.5
884.5,0.5
885.5,0.5
886.5,0.5
887.5,0.5
888.5,0.5
889.5,0.5
889.5,-0.5
890.5,-0.5
891.5,-0.5
892.5,-0.5
893.5,-0.5
894.5,-0.5
895.5,-0.5
896.5,-0.5
897.5,-0.5
898.5,-0.5
899.5,-0.5
900.5,-0.5
901.5,-0.5
901.5,0.5
902.5,0.5
903.5,0.5
904.5,0.5
905.5,0.5
906.5,0.5
907.5,0.5
908.5,0.5
909.5,0.5
910.5,0.5
910.5,-0.5
911.5,-0.5
912.5,-0.5
913.5,-0.5
914.5,-0.5
915.5,-0.5
916.5,-0.5
917.5,-0.5
918.5,-0.5
919.5,-0.5
920.5,-0.5
921.5,-0.5
922.5,-0.5
923.5,-0.5
924.5,-0.5
925.5,-0.5
926.5,-0.5
927.5,-0.5
928.5,-0.5
929.5,-0.5
930.5,-0.5
931.5,-0.5
932.5,-0.5
933.5,-0.5
934.5,-0.5
935.5,-0.5
936.5,-0.5
937.5,-0.5
938.5,-0.5
939.5,-0.5
940.5,-0.5
941.5,-0.5
942.5,-0.5
943.5,-0.5
944.5,-0.5
945.5,-0.5
946.5,-0.5
947.5,-0.5
948.5,-0.5
949.5,-0.5
950.5,-0.5
951.5,-0.5
952.5,-0.5
953.5,-0.5
954.5,-0.5
955.5,-0.5
956.5,-0.5
957.5,-0.5
958.5,-0.5
959.5,-0.5
960.5,-0.5
961.5,-0.5
962.5,-0.5
963.5,-0.5
964.5,-0.5
965.5,-0.5
966.5,-0.5
967.5,-0.5
968.5,-0.5
969.5,-0.5
970.5,-0.5
971.5,-0.5
972.5,-0.5
973.5,-0.5
974.5,-0.5
975.5,-0.5
976.5,-0.5
977.5,-0.5
978.5,-0.5
979.5,-0.5
980.5,-0.5
981.5,-0.5
982.5,-0.5
983.5,-0.5
984.5,-0.5
985.5,-0.5
986.5,-0.5
987.5,-0.5
988.5,-0.5
989.5,-0.5
990.5,-0.5
991.5,-0.5
992.5,-0.5
993.5,-0.5
994.5,-0.5
995.5,-0.5
996.5,-0.5
997.5,-0.5
998.5,-0.5
999.5,-0.5
1000.5,-0.5
1001.5,-0.5
1002.5,-0.5
1003.5,-0.5
1004.5,-0.5
1005.5,-0.5
1006.5,-0.5
1007.5,-0.5
1008.5,-0.5
1009.5,-0.5
1010.5,-0.5
1011.5,-0.5
1012.5,-0.5
1013.5,-0.5
1014.5,-0.5
1015.5,-0.5
1016.5,-0.5
1017.5,-0.5
1018.5,-0.5
1019.5,-0.5
1020.5,-0.5
1021.5,-0.5
1022.5,-0.5
1023.5,-0.5
1024.5,-0.5
1025.5,-0.5
1026.5,-0.5
1027.5,-0.5
1028.5,-0.5
1029.5,-0.5
1030.5,-0.5
1031.5,-0.5
1032.5,-0.5
1033.5,-0.5
1034.5,-0.5
1035.5,-0.5
1036.5,-0.5
1037.5,-0.5
1038.5,-0.5
1039.5,-0.5
1040.5,-0.5
1041.5,-0.5
1042.5,-0.5
1043.5,-0.5
1044.5,-0.5
1045.5,-0.5
1046.5,-0.5
1047.5,-0.5
1048.5,-0.5
1049.5,-0.5
1050.5,-0.5
1051.5,-0.5
1052.5,-0.5
1053.5,-0.5
1054.5,-0.5
1055.5,-0.5
1056.5,-0.5
1057.5,-0.5
1058.5,-0.5
1059.5,-0.5
1060.5,-0.5
1061.5,-0.5
1062.5,-0.5
1063.5,-0.5
1064.5,-0.5
1065.5,-0.5
1066.5,-0.5
1067.5,-0.5
1068.5,-0.5
1069.5,-0.5
1070.5,-0.5
1071.5,-0.5
1072.5,-0.5
1073.5,-0.5
1074.5,-0.5
1075.5,-0.5
1076.5,-0.5
1077.5,-0.5
1078.5,-0.5
1079.5,-0.5
1080.5,-0.5
1081.5,-0.5
1082.5,-0.5
1083.5,-0.5
1084.5,-0.5
1085.5,-0.5
1086.5,-0.5
1087.5,-0.5
1088.5,-0.5
1089.5,-0.5
1090.5,-0.5
1091.5,-0.5
1092.5,-0.5
1093.5,-0.5
1094.5,-0.5
1095.5,-0.5
1096.5,-0.5
1097.5,-0.5
1098.5,-0.5
1099.5,-0.5
1100.5,-0.5
1101.5,-0.5
1102.5,-0.5
1103.5,-0.5
1104.5,-0.5
1105.5,-0.5
1106.5,-0.5
1107.5,-0.5
1108.5,-0.5
1109.5,-0.5
1110.5,-0.5
1111.5,-0.5
1112.5,-0.5
1113.5,-0.5
1114.5,-0.5
1115.5,-0.5
1116.5,-0.5
1117.5,-0.5
1118.5,-0.5
1119.5,-0.5
1120.5,-0.5
1121.5,-0.5
1122.5,-0.5
1123.5,-0.5
1124.5,-0.5
1125.5,-0.5
1126.5,-0.5
1127.5,-0.5
1128.5,-0.5
1129.5,-0.5
1130.5,-0.5
1131.5,-0.5
1132.5,-0.5
1133.5,-0.5
1134.5,-0.5
1135.5,-0.5
1136.5,-0.5
1137.5,-0.5
1138.5,-0.5
1139.5,-0.5
1140.5,-0.5
1141.5,-0.5
1142.5,-0.5
1143.5,-0.5
1144.5,-0.5
1145.5,-0.5
1146.5,-0.5
1147.5,-0.5
1148.5,-0.5
1149.5,-0.5
1150.5,-0.5
1151.5,-0.5
1152.5,-0.5
1153.5,-0.5
1154.5,-0.5
1155.5,-0.5
1156.5,-0.5
1157.5,-0.5
1158.5,-0.5
1159.5,-0.5
1160.5,-0.5
1161.5,-0.5
1162.5,-0.5
1163.5,-0.5
1164.5,-0.5
1165.5,-0.5
1166.5,-0.5
1167.5,-0.5
1167.5,0.5
1168.5,0.5
1169.5,0.5
1170.5,0.5
1171.5,0.5
1172.5,0.5
1173.5,0.5
1174.5,0.5
1175.5,0.5
1176.5,0.5
1177.5,0.5
1178.5,0.5
1179.5,0.5
1180.5,0.5
1181.5,0.5
1182.5,0.5
1183.5,0.5
1184.5,0.5
1185.5,0.5
1186.5,0.5
1187.5,0.5
1188.5,0.5
1189.5,0.5
1190.5,0.5
1191.5,0.5
1192.5,0.5
1193.5,0.5
1194.5,0.5
1195.5,0.5
1196.5,0.5
1197.5,0.5
1198.5,0.5
1199.5,0.5
1200.5,0.5
1201.5,0.5
1202.5,0.5
1203.5,0.5
1204.5,0.5
1205.5,0.5
1206.5,0.5
1207.5,0.5
1208.5,0.5
1209.5,0.5
1210.5,0.5
1211.5,0.5
1212.5,0.5
1213.5,0.5
1214.5,0.5
1215.5,0.5
1216.5,0.5
1217.5,0.5
1218.5,0.5
1219.5,0.5
1220.5,0.5
1221.5,0.5
1222.5,0.5
1223.5,0.5
1224.5,0.5
1225.5,0.5
1226.5,0.5
1227.5,0.5
1228.5,0.5
1229.5,0.5
1230.5,0.5
1231.5,0.5
1232.5,0.5
1233.5,0.5
1234.5,0.5
1235.5,0.5
1236.5,0.5
1237.5,0.5
1238.5,0.5
1239.5,0.5
1240.5,0.5
1241.5,0.5
1242.5,0.5
1243.5,0.5
1244.5,0.5
1245.5,0.5
1245.5,-0.5
1246.5,-0.5
1247.5,-0.5
1248.5,-0.5
1249.5,-0.5
1250.5,-0.5
1251.5,-0.5
1252.5,-0.5
1253.5,-0.5
1253.5,0.5
1254.5,0.5
1255.5,0.5
1256.5,0.5
1257.5,0.5
1258.5,0.5
1259.5,0.5
1260.5,0.5
1261.5,0.5
1262.5,0.5
1263.5,0.5
1264.5,0.5
1265.5,0.5
1266.5,0.5
1267.5,0.5
1268.5,0.5
1269.5,0.5
1270.5,0.5
1271.5,0.5
1272.5,0.5
1273.5,0.5
1274.5,0.5
1275.5,0.5
1276.5,0.5
1277.5,0.5
1278.5,0.5
1279.5,0.5
1280.5,0.5
1281.5,0.5
1282.5,0.5
1283.5,0.5
1284.5,0.5
1285.5,0.5
1286.5,0.5
1287.5,0.5
1288.5,0.5
1289.5,0.5
1290.5,0.5
1291.5,0.5
1292.5,0.5
1293.5,0.5
1294.5,0.5
1295.5,0.5
1296.5,0.5
1297.5,0.5
1298.5,0.5
1299.5,0.5
1300.5,0.5
1301.5,0.5
1302.5,0.5
1303.5,0.5
1304.5,0.5
1305.5,0.5
1306.5,0.5
1307.5,0.5
1308.5,0.5
1309.5,0.5
1310.5,0.5
1311.5,0.5
1312.5,0.5
1313.5,0.5
1314.5,0.5
1315.5,0.5
1316.5,0.5
1317.5,0.5
1318.5,0.5
1319.5,0.5
1320.5,0.5
1321.5,0.5
1322.5,0.5
1323.5,0.5
1324.5,0.5
1325.5,0.5
1326.5,0.5
1327.5,0.5
1328.5,0.5
1329.5,0.5
1330.5,0.5
1331.5,0.5
1332.5,0.5
1333.5,0.5
1334.5,0.5
1335.5,0.5
1336.5,0.5
1337.5,0.5
1338.5,0.5
1339.5,0.5
1340.5,0.5
1341.5,0.5
1342.5,0.5
1343.5,0.5
1344.5,0.5
1345.5,0.5
1346.5,0.5
1347.5,0.5
1348.5,0.5
1349.5,0.5
1350.5,0.5
1351.5,0.5
1352.5,0.5
1353.5,0.5
1354.5,0.5
1355.5,0.5
1356.5,0.5
1357.5,0.5
1358.5,0.5
1359.5,0.5
1360.5,0.5
1361.5,0.5
1362.5,0.5
1363.5,0.5
1364.5,0.5
1365.5,0.5
1366.5,0.5
1367.5,0.5
1368.5,0.5
1369.5,0.5
1370.5,0.5
1371.5,0.5
1372.5,0.5
1373.5,0.5
1374.5,0.5
1375.5,0.5
1376.5,0.5
1377.5,0.5
1378.5,0.5
1379.5,0.5
1380.5,0.5
1381.5,0.5
1382.5,0.5
1383.5,0.5
1384.5,0.5
1385.5,0.5
1386.5,0.5
1387.5,0.5
1388.5,0.5
1389.5,0.5
1390.5,0.5
1391.5,0.5
1392.5,0.5
1393.5,0.5
1394.5,0.5
1395.5,0.5
1396.5,0.5
1397.5,0.5
1398.5,0.5
1399.5,0.5
1400.5,0.5
1401.5,0.5
1402.5,0.5
1403.5,0.5
1404.5,0.5
1405.5,0.5
1406.5,0.5
1407.5,0.5
1408.5,0.5
1409.5,0.5
1410.5,0.5
1411.5,0.5
1412.5,0.5
1413.5,0.5
1414.5,0.5
1415.5,0.5
1416.5,0.5
1417.5,0.5
1418.5,0.5
1419.5,0.5
1420.5,0.5
1421.5,0.5
1422.5,0.5
1423.5,0.5
1424.5,0.5
1425.5,0.5
1426.5,0.5
1427.5,0.5
1428.5,0.5
1429.5,0.5
1430.5,0.5
1431.5,0.5
1432.5,0.5
1433.5,0.5
1434.5,0.5
1435.5,0.5
1436.5,0.5
1437.5,0.5
1438.5,0.5
1439.5,0.5
1440.5,0.5
1441.5,0.5
1442.5,0.5
1443.5,0.5
1444.5,0.5
1445.5,0.5
1446.5,0.5
1447.5,0.5
1448.5,0.5
1449.5,0.5
1450.5,0.5
1451.5,0.5
1452.5,0.5
1453.5,0.5
1454.5,0.5
1455.5,0.5
1456.5,0.5
1457.5,0.5
1458.5,0.5
1459.5,0.5
1460.5,0.5
1461.5,0.5
1462.5,0.5
1463.5,0.5
1464.5,0.5
1465.5,0.5
1466.5,0.5
1467.5,0.5
1468.5,0.5
1469.5,0.5
1470.5,0.5
1471.5,0.5
1472.5,0.5
1473.5,0.5
1474.5,0.5
1475.5,0.5
1476.5,0.5
1477.5,0.5
1478.5,0.5
1479.5,0.5
1480.5,0.5
1481.5,0.5
1482.5,0.5
1483.5,0.5
1484.5,0.5
1485.5,0.5
1486.5,0.5
1487.5,0.5
1488.5,0.5
1489.5,0.5
1490.5,0.5
1491.5,0.5
1492.5,0.5
1493.5,0.5
1494.5,0.5
1495.5,0.5
1496.5,0.5
1497.5,0.5
1498.5,0.5
1499.5,0.5
1500.5,0.5
1501.5,0.5
1502.5,0.5
1503.5,0.5
1504.5,0.5
1505.5,0.5
1506.5,0.5
1507.5,0.5
1508.5,0.5
1509.5,0.5
1510.5,0.5
1511.5,0.5
1512.5,0.5
1513.5,0.5
1514.5,0.5
1515.5,0.5
1516.5,0.5
1517.5,0.5
1518.5,0.5
1519.5,0.5
1520.5,0.5
1521.5,0.5
1522.5,0.5
1523.5,0.5
1524.5,0.5
1525.5,0.5
1526.5,0.5
1527.5,0.5
1528.5,0.5
1529.5,0.5
1530.5,0.5
1531.5,0.5
1532.5,0.5
1533.5,0.5
1534.5,0.5
1535.5,0.5
1536.5,0.5
1537.5,0.5
1538.5,0.5
1539.5,0.5
1540.5,0.5
1541.5,0.5
1542.5,0.5
1543.5,0.5
1544.5,0.5
1545.5,0.5
1546.5,0.5
1547.5,0.5
1548.5,0.5
1549.5,0.5
1550.5,0.5
1551.5,0.5
1552.5,0.5
1553.5,0.5
1554.5,0.5
1555.5,0.5
1556.5,0.5
1557.5,0.5
1558.5,0.5
1559.5,0.5
1560.5,0.5
1561.5,0.5
1562.5,0.5
1563.5,0.5
1564.5,0.5
1565.5,0.5
1566.5,0.5
1567.5,0.5
1568.5,0.5
1569.5,0.5
1570.5,0.5
1571.5,0.5
1572.5,0.5
1573.5,0.5
1574.5,0.5
1575.5,0.5
1576.5,0.5
1577.5,0.5
1578.5,0.5
1579.5,0.5
1580.5,0.5
1581.5,0.5
1582.5,0.5
1583.5,0.5
1584.5,0.5
1585.5,0.5
1586.5,0.5
1587.5,0.5
1588.5,0.5
1589.5,0.5
1590.5,0.5
1591.5,0.5
1592.5,0.5
1593.5,0.5
1594.5,0.5
1595.5,0.5
1596.5,0.5
1597.5,0.5
1598.5,0.5
1599.5,0.5
1600.5,0.5
1601.5,0.5
1602.5,0.5
1603.5,0.5
1604.5,0.5
1605.5,0.5
1606.5,0.5
1607.5,0.5
1608.5,0.5
1609.5,0.5
1610.5,0.5
1611.5,0.5
1612.5,0.5
1613.5,0.5
1614.5,0.5
1615.5,0.5
1616.5,0.5
1617.5,0.5
1618.5,0.5
1619.5,0.5
1620.5,0.5
1621.5,0.5
1622.5,0.5
1623.5,0.5
1624.5,0.5
1624.5,-0.5
1625.5,-0.5
1625.5,0.5
1626.5,0.5
1627.5,0.5
1628.5,0.5
1629.5,0.5
1630.5,0.5
1631.5,0.5
1632.5,0.5
1633.5,0.5
1634.5,0.5
1635.5,0.5
1636.5,0.5
1637.5,0.5
1638.5,0.5
1639.5,0.5
1640.5,0.5
1641.5,0.5
1642.5,0.5
1643.5,0.5
1644.5,0.5
1645.5,0.5
1646.5,0.5
1647.5,0.5
1648.5,0.5
1649.5,0.5
1650.5,0.5
1651.5,0.5
1652.5,0.5
1653.5,0.5
1654.5,0.5
1655.5,0.5
1656.5,0.5
1657.5,0.5
1658.5,0.5
1659.5,0.5
1660.5,0.5
1661.5,0.5
1662.5,0.5
1663.5,0.5
1664.5,0.5
1665.5,0.5
1666.5,0.5
1667.5,0.5
1668.5,0.5
1669.5,0.5
1670.5,0.5
1671.5,0.5
1672.5,0.5
1673.5,0.5
1674.5,0.5
1675.5,0.5
1676.5,0.5
1677.5,0.5
1678.5,0.5
1679.5,0.5
1680.5,0.5
1681.5,0.5
1682.5,0.5
1683.5,0.5
1684.5,0.5
1685.5,0.5
1686.5,0.5
1687.5,0.5
1688.5,0.5
1689.5,0.5
1690.5,0.5
1691.5,0.5
1692.5,0.5
1693.5,0.5
1694.5,0.5
1695.5,0.5
1696.5,0.5
1697.5,0.5
1698.5,0.5
1699.5,0.5
1700.5,0.5
1701.5,0.5
1702.5,0.5
1703.5,0.5
1704.5,0.5
1705.5,0.5
1706.5,0.5
1707.5,0.5
1708.5,0.5
1708.5,-0.5
1709.5,-0.5
1710.5,-0.5
1711.5,-0.5
1712.5,-0.5
1713.5,-0.5
1714.5,-0.5
1715.5,-0.5
1716.5,-0.5
1717.5,-0.5
1717.5,0.5
1718.5,0.5
1719.5,0.5
1720.5,0.5
1721.5,0.5
1722.5,0.5
1723.5,0.5
1724.5,0.5
1725.5,0.5
1726.5,0.5
1727.5,0.5
1728.5,0.5
1729.5,0.5
1730.5,0.5
1731.5,0.5
1732.5,0.5
1733.5,0.5
1734.5,0.5
1735.5,0.5
1736.5,0.5
1737.5,0.5
1738.5,0.5
1739.5,0.5
1740.5,0.5
1741.5,0.5
1742.5,0.5
1743.5,0.5
1744.5,0.5
1745.5,0.5
1746.5,0.5
1747.5,0.5
1748.5,0.5
1749.5,0.5
1750.5,0.5
1751.5,0.5
1752.5,0.5
1753.5,0.5
1754.5,0.5
1755.5,0.5
1756.5,0.5
1757.5,0.5
1758.5,0.5
1759.5,0.5
1760.5,0.5
1761.5,0.5
1762.5,0.5
1763.5,0.5
1764.5,0.5
1765.5,0.5
1766.5,0.5
1767.5,0.5
1768.5,0.5
1769.5,0.5
1770.5,0.5
1771.5,0.5
1772.5,0.5
1773.5,0.5
1774.5,0.5
1775.5,0.5
1775.5,-0.5
1776.5,-0.5
1777.5,-0.5
1778.5,-0.5
1779.5,-0.5
1780.5,-0.5
1781.5,-0.5
1782.5,-0.5
1783.5,-0.5
1784.5,-0.5
1785.5,-0.5
1786.5,-0.5
1787.5,-0.5
1788.5,-0.5
1789.5,-0.5
1790.5,-0.5
1791.5,-0.5
1792.5,-0.5
1793.5,-0.5
1794.5,-0.5
1795.5,-0.5
1796.5,-0.5
1797.5,-0.5
1798.5,-0.5
1799.5,-0.5
1800.5,-0.5
1801.5,-0.5
1802.5,-0.5
1803.5,-0.5
1804.5,-0.5
1805.5,-0.5
1806.5,-0.5
1807.5,-0.5
1808.5,-0.5
1809.5,-0.5
1810.5,-0.5
1811.5,-0.5
1812.5,-0.5
1813.5,-0.5
1814.5,-0.5
1815.5,-0.5
1816.5,-0.5
1817.5,-0.5
1818.5,-0.5
1819.5,-0.5
1820.5,-0.5
1821.5,-0.5
1822.5,-0.5
1823.5,-0.5
1824.5,-0.5
1825.5,-0.5
1826.5,-0.5
1827.5,-0.5
1828.5,-0.5
1829.5,-0.5
1830.5,-0.5
1831.5,-0.5
1832.5,-0.5
1833.5,-0.5
1834.5,-0.5
1835.5,-0.5
1836.5,-0.5
1837.5,-0.5
1838.5,-0.5
1839.5,-0.5
1840.5,-0.5
1841.5,-0.5
1842.5,-0.5
1843.5,-0.5
1844.5,-0.5
1845.5,-0.5
1846.5,-0.5
1847.5,-0.5
1848.5,-0.5
1849.5,-0.5
1850.5,-0.5
1851.5,-0.5
1852.5,-0.5
1853.5,-0.5
1854.5,-0.5
1855.5,-0.5
1856.5,-0.5
1857.5,-0.5
1858.5,-0.5
1859.5,-0.5
1860.5,-0.5
1861.5,-0.5
1862.5,-0.5
1863.5,-0.5
1864.5,-0.5
1865.5,-0.5
1866.5,-0.5
1867.5,-0.5
1868.5,-0.5
1869.5,-0.5
1870.5,-0.5
1871.5,-0.5
1872.5,-0.5
1873.5,-0.5
1874.5,-0.5
1875.5,-0.5
1876.5,-0.5
1877.5,-0.5
1878.5,-0.5
1879.5,-0.5
1880.5,-0.5
1881.5,-0.5
1882.5,-0.5
1883.5,-0.5
1884.5,-0.5
1885.5,-0.5
1886.5,-0.5
1887.5,-0.5
1888.5,-0.5
1889.5,-0.5
1890.5,-0.5
1891.5,-0.5
1892.5,-0.5
1893.5,-0.5
1894.5,-0.5
1895.5,-0.5
1896.5,-0.5
1897.5,-0.5
1898.5,-0.5
1899.5,-0.5
1900.5,-0.5
1901.5,-0.5
1902.5,-0.5
1903.5,-0.5
1904.5,-0.5
1905.5,-0.5
1906.5,-0.5
1907.5,-0.5
1908.5,-0.5
1909.5,-0.5
1910.5,-0.5
1911.5,-0.5
1912.5,-0.5
1913.5,-0.5
1914.5,-0.5
1915.5,-0.5
1916.5,-0.5
1917.5,-0.5
1918.5,-0.5
1919.5,-0.5
1920.5,-0.5
1921.5,-0.5
1922.5,-0.5
1923.5,-0.5
1924.5,-0.5
1925.5,-0.5
1926.5,-0.5
1927.5,-0.5
1928.5,-0.5
1929.5,-0.5
1930.5,-0.5
1931.5,-0.5
1932.5,-0.5
1933.5,-0.5
1934.5,-0.5
1935.5,-0.5
1936.5,-0.5
1937.5,-0.5
1938.5,-0.5
1939.5,-0.5
1940.5,-0.5
1941.5,-0.5
1942.5,-0.5
1943.5,-0.5
1944.5,-0.5
1945.5,-0.5
1946.5,-0.5
1947.5,-0.5
1948.5,-0.5
1949.5,-0.5
1950.5,-0.5
1951.5,-0.5
1952.5,-0.5
1953.5,-0.5
1954.5,-0.5
1955.5,-0.5
1956.5,-0.5
1957.5,-0.5
1958.5,-0.5
1959.5,-0.5
1960.5,-0.5
1961.5,-0.5
1962.5,-0.5
1963.5,-0.5
1964.5,-0.5
1965.5,-0.5
1966.5,-0.5
1967.5,-0.5
1968.5,-0.5
1969.5,-0.5
1970.5,-0.5
1971.5,-0.5
1972.5,-0.5
1973.5,-0.5
1974.5,-0.5
1975.5,-0.5
1976.5,-0.5
1977.5,-0.5
1978.5,-0.5
1979.5,-0.5
1980.5,-0.5
1981.5,-0.5
1982.5,-0.5
1983.5,-0.5
1984.5,-0.5
1985.5,-0.5
1986.5,-0.5
1987.5,-0.5
1988.5,-0.5
1989.5,-0.5
1990.5,-0.5
1991.5,-0.5
1992.5,-0.5
1993.5,-0.5
1994.5,-0.5
1995.5,-0.5
1996.5,-0.5
1997.5,-0.5
1998.5,-0.5
1999.5,-0.5
2000.5,-0.5
2001.5,-0.5
2002.5,-0.5
2003.5,-0.5
2004.5,-0.5
2005.5,-0.5
2006.5,-0.5
2007.5,-0.5
2008.5,-0.5
2009.5,-0.5
2010.5,-0.5
2011.5,-0.5
2012.5,-0.5
2013.5,-0.5
2014.5,-0.5
2015.5,-0.5
2016.5,-0.5
2017.5,-0.5
2018.5,-0.5
2019.5,-0.5
2020.5,-0.5
2021.5,-0.5
2022.5,-0.5
2023.5,-0.5
2024.5,-0.5
2025.5,-0.5
2026.5,-0.5
2027.5,-0.5
2028.5,-0.5
2029.5,-0.5
2030.5,-0.5
2031.5,-0.5
2032.5,-0.5
2033.5,-0.5
2034.5,-0.5
2035.5,-0.5
2036.5,-0.5
2037.5,-0.5
2038.5,-0.5
2039.5,-0.5
2040.5,-0.5
2041.5,-0.5
2042.5,-0.5
2043.5,-0.5
2044.5,-0.5
2045.5,-0.5
2046.5,-0.5
2047.5,-0.5
2048.5,-0.5
2049.5,-0.5
2050.5,-0.5
2051.5,-0.5
2052.5,-0.5
2053.5,-0.5
2054.5,-0.5
2055.5,-0.5
2056.5,-0.5
2057.5,-0.5
2058.5,-0.5
2059.5,-0.5
2060.5,-0.5
2061.5,-0.5
2062.5,-0.5
2063.5,-0.5
2064.5,-0.5
2065.5,-0.5
2066.5,-0.5
2067.5,-0.5
2068.5,-0.5
2069.5,-0.5
2070.5,-0.5
2071.5,-0.5
2072.5,-0.5
2073.5,-0.5
2074.5,-0.5
2075.5,-0.5
2076.5,-0.5
2077.5,-0.5
2078.5,-0.5
2079.5,-0.5
2080.5,-0.5
2081.5,-0.5
2082.5,-0.5
2083.5,-0.5
2084.5,-0.5
2085.5,-0.5
2086.5,-0.5
2087.5,-0.5
2088.5,-0.5
2089.5,-0.5
2090.5,-0.5
2091.5,-0.5
2092.5,-0.5
2093.5,-0.5
2094.5,-0.5
2095.5,-0.5
2096.5,-0.5
2097.5,-0.5
2098.5,-0.5
2099.5,-0.5
2100.5,-0.5
2101.5,-0.5
2102.5,-0.5
2103.5,-0.5
2104.5,-0.5
2105.5,-0.5
2106.5,-0.5
2107.5,-0.5
2108.5,-0.5
2109.5,-0.5
2110.5,-0.5
2111.5,-0.5
2112.5,-0.5
2113.5,-0.5
2114.5,-0.5
2115.5,-0.5
2116.5,-0.5
2117.5,-0.5
2118.5,-0.5
2119.5,-0.5
2120.5,-0.5
2121.5,-0.5
2122.5,-0.5
2123.5,-0.5
2124.5,-0.5
2125.5,-0.5
2126.5,-0.5
2127.5,-0.5
2128.5,-0.5
2129.5,-0.5
2130.5,-0.5
2131.5,-0.5
2132.5,-0.5
2133.5,-0.5
2134.5,-0.5
2135.5,-0.5
2136.5,-0.5
2137.5,-0.5
2138.5,-0.5
2139.5,-0.5
2140.5,-0.5
2141.5,-0.5
2142.5,-0.5
2143.5,-0.5
2144.5,-0.5
2145.5,-0.5
2146.5,-0.5
2147.5,-0.5
2148.5,-0.5
2149.5,-0.5
2150.5,-0.5
2151.5,-0.5
2152.5,-0.5
2153.5,-0.5
2154.5,-0.5
2155.5,-0.5
2156.5,-0.5
2157.5,-0.5
2158.5,-0.5
2159.5,-0.5
2160.5,-0.5
2161.5,-0.5
2162.5,-0.5
2163.5,-0.5
2164.5,-0.5
2165.5,-0.5
2166.5,-0.5
2167.5,-0.5
2168.5,-0.5
2169.5,-0.5
2170.5,-0.5
2171.5,-0.5
2172.5,-0.5
2173.5,-0.5
2174.5,-0.5
2175.5,-0.5
2176.5,-0.5
2177.5,-0.5
2178.5,-0.5
2179.5,-0.5
2180.5,-0.5
2181.5,-0.5
2182.5,-0.5
2183.5,-0.5
2184.5,-0.5
2185.5,-0.5
2186.5,-0.5
2187.5,-0.5
2188.5,-0.5
2189.5,-0.5
2190.5,-0.5
2191.5,-0.5
2192.5,-0.5
2193.5,-0.5
2194.5,-0.5
2195.5,-0.5
2196.5,-0.5
2197.5,-0.5
2198.5,-0.5
2199.5,-0.5
2200.5,-0.5
2201.5,-0.5
2202.5,-0.5
2203.5,-0.5
2204.5,-0.5
2205.5,-0.5
2206.5,-0.5
2207.5,-0.5
2208.5,-0.5
2209.5,-0.5
2210.5,-0.5
2211.5,-0.5
2212.5,-0.5
2213.5,-0.5
2214.5,-0.5
2215.5,-0.5
2216.5,-0.5
2217.5,-0.5
2218.5,-0.5
2219.5,-0.5
2220.5,-0.5
2221.5,-0.5
2222.5,-0.5
2223.5,-0.5
2224.5,-0.5
2225.5,-0.5
2226.5,-0.5
2227.5,-0.5
2228.5,-0.5
2229.5,-0.5
2230.5,-0.5
2231.5,-0.5
2232.5,-0.5
2233.5,-0.5
2234.5,-0.5
2235.5,-0.5
2236.5,-0.5
2237.5,-0.5
2238.5,-0.5
2239.5,-0.5
2240.5,-0.5
2241.5,-0.5
2242.5,-0.5
2243.5,-0.5
2244.5,-0.5
2245.5,-0.5
2246.5,-0.5
2247.5,-0.5
2248.5,-0.5
2249.5,-0.5
2250.5,-0.5
2251.5,-0.5
2252.5,-0.5
2253.5,-0.5
2254.5,-0.5
2255.5,-0.5
2256.5,-0.5
2257.5,-0.5
2258.5,-0.5
2259.5,-0.5
2260.5,-0.5
2261.5,-0.5
2262.5,-0.5
2263.5,-0.5
2264.5,-0.5
2265.5,-0.5
2266.5,-0.5
2267.5,-0.5
2268.5,-0.5
2269.5,-0.5
2270.5,-0.5
2271.5,-0.5
2272.5,-0.5
2273.5,-0.5
2274.5,-0.5
2275.5,-0.5
2276.5,-0.5
2277.5,-0.5
2278.5,-0.5
2279.5,-0.5
2280.5,-0.5
2281.5,-0.5
2282.5,-0.5
2283.5,-0.5
2284.5,-0.5
2285.5,-0.5
2286.5,-0.5
2286.5,0.5
2285.5,0.5
2285.5,1.5
2284.5,1.5
2284.5,2.5
2283.5,2.5
2282.5,2.5
2282.5,3.5
2281.5,3.5
2280.5,3.5
2280.5,4.5
2279.5,4.5
2278.5,4.5
2278.5,5.5
2277.5,5.5
2277.5,6.5
2276.5,6.5
2275.5,6.5
2274.5,6.5
2273.5,6.5
2272.5,6.5
2271.5,6.5
2270.5,6.5
2269.5,6.5
2268.5,6.5
2267.5,6.5
2266.5,6.5
2265.5,6.5
2264.5,6.5
2263.5,6.5
2262.5,6.5
2262.5,7.5
2261.5,7.5
2260.5,7.5
2260.5,8.5
2259.5,8.5
2259.5,9.5
2258.5,9.5
2258.5,10.5
2258.5,11.5
2258.5,12.5
2258.5,13.5
2257.5,13.5
2257.5,14.5
2256.5,14.5
2256.5,15.5
2256.5,16.5
2256.5,17.5
2257.5,17.5
2257.5,18.5
2258.5,18.5
2258.5,19.5
2259.5,19.5
2259.5,20.5
2260.5,20.5
2260.5,21.5
2260.5,22.5
2260.5,23.5
2260.5,24.5
2260.5,25.5
2261.5,25.5
2261.5,26.5
2262.5,26.5
2262.5,27.5
2262.5,28.5
2263.5,28.5
2263.5,29.5
2264.5,29.5
2264.5,30.5
2263.5,30.5
2262.5,30.5
2261.5,30.5
2260.5,30.5
2259.5,30.5
2259.5,31.5
2258.5,31.5
2258.5,32.5
2257.5,32.5
2257.5,33.5
2256.5,33.5
2256.5,34.5
2255.5,34.5
2254.5,34.5
2254.5,35.5
2254.5,36.5
2254.5,37.5
2253.5,37.5
2253.5,38.5
2253.5,39.5
2253.5,40.5
2252.5,40.5
2252.5,41.5
2251.5,41.5
2251.5,42.5
2250.5,42.5
2249.5,42.5
2249.5,43.5
2248.5,43.5
2247.5,43.5
2246.5,43.5
2246.5,44.5
2245.5,44.5
2245.5,45.5
2244.5,45.5
2243.5,45.5
2243.5,46.5
2243.5,47.5
2242.5,47.5
2242.5,48.5
2242.5,49.5
2241.5,49.5
2240.5,49.5
2240.5,50.5
2240.5,51.5
2240.5,52.5
2240.5,53.5
2241.5,53.5
2241.5,54.5
2242.5,54.5
2242.5,55.5
2242.5,56.5
2243.5,56.5
2243.5,57.5
2243.5,58.5
2243.5,59.5
2243.5,60.5
2243.5,61.5
2242.5,61.5
2242.5,62.5
2241.5,62.5
2241.5,63.5
2240.5,63.5
2239.5,63.5
2239.5,64.5
2238.5,64.5
2237.5,64.5
2236.5,64.5
2235.5,64.5
2234.5,64.5
2233.5,64.5
2232.5,64.5
2231.5,64.5
2230.5,64.5
2229.5,64.5
2229.5,65.5
2228.5,65.5
2228.5,66.5
2227.5,66.5
2226.5,66.5
2225.5,66.5
2225.5,67.5
2224.5,67.5
2223.5,67.5
2223.5,68.5
2222.5,68.5
2221.5,68.5
2221.5,69.5
2221.5,70.5
2221.5,71.5
2221.5,72.5
2222.5,72.5
2222.5,73.5
2222.5,74.5
2222.5,75.5
2221.5,75.5
2221.5,76.5
2220.5,76.5
2219.5,76.5
2219.5,77.5
2218.5,77.5
2217.5,77.5
2216.5,77.5
2215.5,77.5
2214.5,77.5
2213.5,77.5
2213.5,78.5
2212.5,78.5
2211.5,78.5
2211.5,79.5
2210.5,79.5
2210.5,80.5
2209.5,80.5
2209.5,81.5
2208.5,81.5
2207.5,81.5
2206.5,81.5
2205.5,81.5
2204.5,81.5
2203.5,81.5
2202.5,81.5
2202.5,80.5
2201.5,80.5
2201.5,79.5
2200.5,79.5
2199.5,79.5
2198.5,79.5
2197.5,79.5
2197.5,80.5
2196.5,80.5
2196.5,81.5
2195.5,81.5
2195.5,82.5
2195.5,83.5
2196.5,83.5
2197.5,83.5
2198.5,83.5
2199.5,83.5
2199.5,84.5
2200.5,84.5
2200.5,85.5
2201.5,85.5
2202.5,85.5
2202.5,86.5
2203.5,86.5
2203.5,87.5
2203.5,88.5
2204.5,88.5
2204.5,89.5
2204.5,90.5
2203.5,90.5
2203.5,91.5
2202.5,91.5
2202.5,92.5
2202.5,93.5
2201.5,93.5
2201.5,94.5
2200.5,94.5
2200.5,95.5
2199.5,95.5
2199.5,96.5
2199.5,97.5
2199.5,98.5
2199.5,99.5
2199.5,100.5
2198.5,100.5
2198.5,101.5
2198.5,102.5
2198.5,103.5
2197.5,103.5
2196.5,103.5
2196.5,104.5
2196.5,105.5
2195.5,105.5
2195.5,106.5
2194.5,106.5
2194.5,107.5
2194.5,108.5
2194.5,109.5
2194.5,110.5
2194.5,111.5
2194.5,112.5
2194.5,113.5
2194.5,114.5
2194.5,115.5
2194.5,116.5
2193.5,116.5
2193.5,117.5
2192.5,117.5
2191.5,117.5
2191.5,118.5
2190.5,118.5
2190.5,119.5
2189.5,119.5
2188.5,119.5
2188.5,120.5
2187.5,120.5
2187.5,121.5
2186.5,121.5
2186.5,122.5
2185.5,122.5
2185.5,123.5
2185.5,124.5
2184.5,124.5
2184.5,125.5
2184.5,126.5
2184.5,127.5
2184.5,128.5
2184.5,129.5
2184.5,130.5
2184.5,131.5
2185.5,131.5
2186.5,131.5
2187.5,131.5
2188.5,131.5
2189.5,131.5
2189.5,132.5
2190.5,132.5
2190.5,133.5
2191.5,133.5
2191.5,134.5
2192.5,134.5
2193.5,134.5
2193.5,135.5
2194.5,135.5
2194.5,136.5
2195.5,136.5
2195.5,137.5
2195.5,138.5
2195.5,139.5
2195.5,140.5
2196.5,140.5
2196.5,141.5
2195.5,141.5
2195.5,142.5
2194.5,142.5
2194.5,143.5
2193.5,143.5
2193.5,144.5
2193.5,145.5
2192.5,145.5
2191.5,145.5
2190.5,145.5
2189.5,145.5
2188.5,145.5
2187.5,145.5
2186.5,145.5
2185.5,145.5
2185.5,144.5
2185.5,143.5
2185.5,142.5
2185.5,141.5
2185.5,140.5
2185.5,139.5
2184.5,139.5
2184.5,138.5
2184.5,137.5
2183.5,137.5
2183.5,136.5
2182.5,136.5
2182.5,135.5
2181.5,135.5
2181.5,136.5
2180.5,136.5
2179.5,136.5
2178.5,136.5
2178.5,137.5
2177.5,137.5
2176.5,137.5
2176.5,136.5
2175.5,136.5
2174.5,136.5
2173.5,136.5
2172.5,136.5
2171.5,136.5
2170.5,136.5
2170.5,137.5
2169.5,137.5
2169.5,138.5
2169.5,139.5
2169.5,140.5
2169.5,141.5
2168.5,141.5
2168.5,142.5
2167.5,142.5
2167.5,143.5
2167.5,144.5
2167.5,145.5
2167.5,146.5
2166.5,146.5
2166.5,147.5
2165.5,147.5
2165.5,148.5
2165.5,149.5
2164.5,149.5
2164.5,150.5
2164.5,151.5
2165.5,151.5
2165.5,152.5
2166.5,152.5
2167.5,152.5
2167.5,153.5
2168.5,153.5
2169.5,153.5
2169.5,154.5
2170.5,154.5
2170.5,155.5
2170.5,156.5
2170.5,157.5
2171.5,157.5
2171.5,158.5
2171.5,159.5
2170.5,159.5
2169.5,159.5
2168.5,159.5
2167.5,159.5
2167.5,160.5
2166.5,160.5
2166.5,161.5
2165.5,161.5
2165.5,162.5
2165.5,163.5
2165.5,164.5
2165.5,165.5
2165.5,166.5
2165.5,167.5
2165.5,168.5
2164.5,168.5
2164.5,169.5
2163.5,169.5
2163.5,170.5
2162.5,170.5
2161.5,170.5
2161.5,171.5
2160.5,171.5
2159.5,171.5
2159.5,172.5
2158.5,172.5
2157.5,172.5
2157.5,173.5
2156.5,173.5
2155.5,173.5
2154.5,173.5
2153.5,173.5
2152.5,173.5
2151.5,173.5
2150.5,173.5
2150.5,174.5
2149.5,174.5
2149.5,175.5
2148.5,175.5
2147.5,175.5
2147.5,176.5
2147.5,177.5
2146.5,177.5
2145.5,177.5
2145.5,178.5
2145.5,179.5
2145.5,180.5
2145.5,181.5
2144.5,181.5
2144.5,182.5
2144.5,183.5
2143.5,183.5
2142.5,183.5
2141.5,183.5
2140.5,183.5
2140.5,184.5
2139.5,184.5
2139.5,185.5
2138.5,185.5
2138.5,186.5
2137.5,186.5
2137.5,187.5
2137.5,188.5
2136.5,188.5
2136.5,189.5
2135.5,189.5
2135.5,190.5
2134.5,190.5
2134.5,191.5
2134.5,192.5
2134.5,193.5
2134.5,194.5
2135.5,194.5
2135.5,195.5
2136.5,195.5
2136.5,196.5
2137.5,196.5
2138.5,196.5
2139.5,196.5
2140.5,196.5
2140.5,197.5
2141.5,197.5
2141.5,198.5
2142.5,198.5
2142.5,199.5
2143.5,199.5
2144.5,199.5
2144.5,200.5
2145.5,200.5
2146.5,200.5
2146.5,201.5
2147.5,201.5
2147.5,202.5
2148.5,202.5
2148.5,203.5
2148.5,204.5
2148.5,205.5
2148.5,206.5
2148.5,207.5
2148.5,208.5
2147.5,208.5
2147.5,209.5
2146.5,209.5
2146.5,210.5
2146.5,211.5
2145.5,211.5
2145.5,212.5
2145.5,213.5
2146.5,213.5
2146.5,214.5
2146.5,215.5
2147.5,215.5
2147.5,216.5
2147.5,217.5
2148.5,217.5
2148.5,218.5
2148.5,219.5
2147.5,219.5
2147.5,220.5
2146.5,220.5
2146.5,221.5
2146.5,222.5
2145.5,222.5
2145.5,223.5
2145.5,224.5
2145.5,225.5
2145.5,226.5
2145.5,227.5
2146.5,227.5
2147.5,227.5
2148.5,227.5
2149.5,227.5
2150.5,227.5
2150.5,228.5
2151.5,228.5
2152.5,228.5
2152.5,229.5
2152.5,230.5
2153.5,230.5
2153.5,231.5
2154.5,231.5
2154.5,232.5
2154.5,233.5
2155.5,233.5
2155.5,234.5
2155.5,235.5
2154.5,235.5
2153.5,235.5
2153.5,236.5
2152.5,236.5
2151.5,236.5
2151.5,237.5
2150.5,237.5
2150.5,238.5
2149.5,238.5
2149.5,239.5
2149.5,240.5
2149.5,241.5
2148.5,241.5
2148.5,242.5
2147.5,242.5
2147.5,243.5
2147.5,244.5
2147.5,245.5
2147.5,246.5
2147.5,247.5
2147.5,248.5
2147.5,249.5
2148.5,249.5
2148.5,250.5
2149.5,250.5
2149.5,251.5
2149.5,252.5
2149.5,253.5
2150.5,253.5
2150.5,254.5
2150.5,255.5
2150.5,256.5
2149.5,256.5
2148.5,256.5
2148.5,257.5
2147.5,257.5
2146.5,257.5
2145.5,257.5
2144.5,257.5
2144.5,258.5
2143.5,258.5
2143.5,259.5
2142.5,259.5
2142.5,260.5
2142.5,261.5
2141.5,261.5
2141.5,262.5
2140.5,262.5
2140.5,263.5
2139.5,263.5
2139.5,264.5
2139.5,265.5
2140.5,265.5
2140.5,266.5
2141.5,266.5
2141.5,267.5
2142.5,267.5
2142.5,268.5
2142.5,269.5
2142.5,270.5
2141.5,270.5
2141.5,271.5
2140.5,271.5
2140.5,272.5
2139.5,272.5
2139.5,273.5
2138.5,273.5
2138.5,274.5
2137.5,274.5
2137.5,275.5
2137.5,276.5
2136.5,276.5
2136.5,277.5
2136.5,278.5
2137.5,278.5
2137.5,279.5
2138.5,279.5
2138.5,280.5
2139.5,280.5
2139.5,281.5
2139.5,282.5
2140.5,282.5
2141.5,282.5
2141.5,283.5
2141.5,284.5
2141.5,285.5
2141.5,286.5
2141.5,287.5
2140.5,287.5
2140.5,288.5
2140.5,289.5
2140.5,290.5
2140.5,291.5
2140.5,292.5
2140.5,293.5
2139.5,293.5
2139.5,294.5
2139.5,295.5
2139.5,296.5
2138.5,296.5
2138.5,297.5
2137.5,297.5
2137.5,298.5
2137.5,299.5
2136.5,299.5
2136.5,300.5
2135.5,300.5
2135.5,301.5
2135.5,302.5
2135.5,303.5
2136.5,303.5
2136.5,304.5
2137.5,304.5
2138.5,304.5
2139.5,304.5
2139.5,305.5
2140.5,305.5
2140.5,304.5
2141.5,304.5
2142.5,304.5
2143.5,304.5
2144.5,304.5
2144.5,305.5
2145.5,305.5
2145.5,306.5
2146.5,306.5
2146.5,307.5
2146.5,308.5
2145.5,308.5
2145.5,309.5
2144.5,309.5
2143.5,309.5
2142.5,309.5
2141.5,309.5
2141.5,310.5
2140.5,310.5
2139.5,310.5
2138.5,310.5
2137.5,310.5
2136.5,310.5
2135.5,310.5
2134.5,310.5
2133.5,310.5
2132.5,310.5
2131.5,310.5
2130.5,310.5
2130.5,309.5
2129.5,309.5
2128.5,309.5
2127.5,309.5
2126.5,309.5
2126.5,310.5
2125.5,310.5
2125.5,311.5
2125.5,312.5
2124.5,312.5
2124.5,313.5
2124.5,314.5
2124.5,315.5
2124.5,316.5
2125.5,316.5
2125.5,317.5
2125.5,318.5
2126.5,318.5
2126.5,319.5
2127.5,319.5
2127.5,320.5
2127.5,321.5
2128.5,321.5
2128.5,322.5
2128.5,323.5
2128.5,324.5
2128.5,325.5
2128.5,326.5
2127.5,326.5
2127.5,327.5
2127.5,328.5
2126.5,328.5
2126.5,329.5
2126.5,330.5
2126.5,331.5
2127.5,331.5
2127.5,332.5
2126.5,332.5
2126.5,333.5
2125.5,333.5
2125.5,334.5
2124.5,334.5
2124.5,335.5
2124.5,336.5
2124.5,337.5
2124.5,338.5
2124.5,339.5
2125.5,339.5
2126.5,339.5
2127.5,339.5
2128.5,339.5
2129.5,339.5
2130.5,339.5
2130.5,338.5
2130.5,337.5
2130.5,336.5
2130.5,335.5
2129.5,335.5
2129.5,334.5
2129.5,333.5
2129.5,332.5
2130.5,332.5
2131.5,332.5
2132.5,332.5
2133.5,332.5
2133.5,333.5
2134.5,333.5
2135.5,333.5
2135.5,334.5
2136.5,334.5
2136.5,335.5
2136.5,336.5
2137.5,336.5
2137.5,337.5
2138.5,337.5
2138.5,338.5
2139.5,338.5
2139.5,339.5
2139.5,340.5
2139.5,341.5
2138.5,341.5
2137.5,341.5
2137.5,342.5
2136.5,342.5
2136.5,343.5
2135.5,343.5
2135.5,344.5
2134.5,344.5
2133.5,344.5
2132.5,344.5
2131.5,344.5
2130.5,344.5
2129.5,344.5
2128.5,344.5
2127.5,344.5
2126.5,344.5
2125.5,344.5
2124.5,344.5
2124.5,345.5
2123.5,345.5
2123.5,346.5
2122.5,346.5
2122.5,347.5
2121.5,347.5
2120.5,347.5
2119.5,347.5
2119.5,348.5
2118.5,348.5
2118.5,349.5
2117.5,349.5
2117.5,350.5
2117.5,351.5
2116.5,351.5
2116.5,352.5
2117.5,352.5
2117.5,353.5
2118.5,353.5
2119.5,353.5
2119.5,354.5
2120.5,354.5
2121.5,354.5
2121.5,355.5
2122.5,355.5
2122.5,356.5
2122.5,357.5
2122.5,358.5
2122.5,359.5
2123.5,359.5
2123.5,360.5
2123.5,361.5
2122.5,361.5
2122.5,362.5
2122.5,363.5
2121.5,363.5
2121.5,364.5
2121.5,365.5
2121.5,366.5
2122.5,366.5
2122.5,367.5
2123.5,367.5
2123.5,368.5
2123.5,369.5
2123.5,370.5
2123.5,371.5
2123.5,372.5
2123.5,373.5
2123.5,374.5
2124.5,374.5
2124.5,375.5
2125.5,375.5
2125.5,376.5
2125.5,377.5
2125.5,378.5
2126.5,378.5
2126.5,379.5
2125.5,379.5
2125.5,380.5
2124.5,380.5
2124.5,381.5
2123.5,381.5
2123.5,382.5
2122.5,382.5
2121.5,382.5
2120.5,382.5
2119.5,382.5
2118.5,382.5
2117.5,382.5
2116.5,382.5
2115.5,382.5
2114.5,382.5
2113.5,382.5
2113.5,383.5
2112.5,383.5
2111.5,383.5
2110.5,383.5
2109.5,383.5
2108.5,383.5
2108.5,384.5
2107.5,384.5
2106.5,384.5
2105.5,384.5
2104.5,384.5
2103.5,384.5
2103.5,385.5
2103.5,386.5
2102.5,386.5
2102.5,387.5
2101.5,387.5
2101.5,388.5
2101.5,389.5
2101.5,390.5
2102.5,390.5
2102.5,391.5
2103.5,391.5
2104.5,391.5
2104.5,392.5
2105.5,392.5
2105.5,393.5
2106.5,393.5
2106.5,394.5
2106.5,395.5
2107.5,395.5
2107.5,396.5
2107.5,397.5
2107.5,398.5
2107.5,399.5
2107.5,400.5
2107.5,401.5
2106.5,401.5
2106.5,402.5
2105.5,402.5
2104.5,402.5
2103.5,402.5
2102.5,402.5
2102.5,403.5
2101.5,403.5
2100.5,403.5
2099.5,403.5
2099.5,402.5
2099.5,401.5
2099.5,400.5
2098.5,400.5
2098.5,399.5
2097.5,399.5
2097.5,398.5
2097.5,397.5
2096.5,397.5
2096.5,396.5
2096.5,395.5
2096.5,394.5
2095.5,394.5
2095.5,393.5
2094.5,393.5
2093.5,393.5
2092.5,393.5
2091.5,393.5
2091.5,394.5
2090.5,394.5
2089.5,394.5
2089.5,395.5
2088.5,395.5
2088.5,396.5
2088.5,397.5
2087.5,397.5
2087.5,398.5
2086.5,398.5
2085.5,398.5
2084.5,398.5
2083.5,398.5
2083.5,399.5
2083.5,400.5
2082.5,400.5
2081.5,400.5
2081.5,401.5
2081.5,402.5
2081.5,403.5
2080.5,403.5
2080.5,404.5
2080.5,405.5
2080.5,406.5
2081.5,406.5
2081.5,407.5
2081.5,408.5
2081.5,409.5
2082.5,409.5
2082.5,410.5
2083.5,410.5
2083.5,411.5
2083.5,412.5
2084.5,412.5
2084.5,413.5
2084.5,414.5
2083.5,414.5
2082.5,414.5
2081.5,414.5
2080.5,414.5
2079.5,414.5
2079.5,415.5
2078.5,415.5
2078.5,416.5
2077.5,416.5
2077.5,417.5
2077.5,418.5
2076.5,418.5
2076.5,419.5
2075.5,419.5
2075.5,420.5
2075.5,421.5
2074.5,421.5
2074.5,422.5
2074.5,423.5
2074.5,424.5
2075.5,424.5
2076.5,424.5
2076.5,425.5
2077.5,425.5
2077.5,426.5
2078.5,426.5
2078.5,427.5
2079.5,427.5
2079.5,428.5
2079.5,429.5
2079.5,430.5
2080.5,430.5
2080.5,431.5
2080.5,432.5
2080.5,433.5
2079.5,433.5
2078.5,433.5
2078.5,434.5
2077.5,434.5
2077.5,435.5
2076.5,435.5
2076.5,436.5
2076.5,437.5
2075.5,437.5
2075.5,438.5
2074.5,438.5
2074.5,439.5
2073.5,439.5
2073.5,440.5
2073.5,441.5
2074.5,441.5
2074.5,442.5
2075.5,442.5
2075.5,443.5
2076.5,443.5
2077.5,443.5
2077.5,444.5
2078.5,444.5
2079.5,444.5
2080.5,444.5
2080.5,443.5
2081.5,443.5
2082.5,443.5
2083.5,443.5
2084.5,443.5
2084.5,444.5
2084.5,445.5
2085.5,445.5
2085.5,446.5
2085.5,447.5
2084.5,447.5
2084.5,448.5
2083.5,448.5
2083.5,449.5
2082.5,449.5
2081.5,449.5
2080.5,449.5
2080.5,450.5
2079.5,450.5
2079.5,451.5
2078.5,451.5
2078.5,452.5
2078.5,453.5
2077.5,453.5
2077.5,454.5
2077.5,455.5
2078.5,455.5
2078.5,456.5
2079.5,456.5
2080.5,456.5
2081.5,456.5
2081.5,457.5
2082.5,457.5
2082.5,458.5
2083.5,458.5
2083.5,459.5
2084.5,459.5
2084.5,460.5
2084.5,461.5
2084.5,462.5
2084.5,463.5
2084.5,464.5
2085.5,464.5
2085.5,465.5
2086.5,465.5
2086.5,466.5
2087.5,466.5
2087.5,467.5
2088.5,467.5
2088.5,468.5
2088.5,469.5
2088.5,470.5
2088.5,471.5
2087.5,471.5
2086.5,471.5
2086.5,472.5
2085.5,472.5
2084.5,472.5
2083.5,472.5
2082.5,472.5
2081.5,472.5
2081.5,473.5
2080.5,473.5
2079.5,473.5
2079.5,474.5
2079.5,475.5
2078.5,475.5
2078.5,476.5
2077.5,476.5
2077.5,477.5
2076.5,477.5
2076.5,478.5
2076.5,479.5
2076.5,480.5
2076.5,481.5
2077.5,481.5
2077.5,482.5
2077.5,483.5
2076.5,483.5
2076.5,484.5
2075.5,484.5
2074.5,484.5
2074.5,485.5
2073.5,485.5
2072.5,485.5
2072.5,486.5
2071.5,486.5
2070.5,486.5
2069.5,486.5
2069.5,487.5
2068.5,487.5
2068.5,488.5
2067.5,488.5
2067.5,489.5
2067.5,490.5
2067.5,491.5
2067.5,492.5
2066.5,492.5
2066.5,493.5
2066.5,494.5
2066.5,495.5
2065.5,495.5
2065.5,496.5
2064.5,496.5
2064.5,497.5
2063.5,497.5
2063.5,498.5
2064.5,498.5
2064.5,499.5
2065.5,499.5
2066.5,499.5
2067.5,499.5
2067.5,500.5
2068.5,500.5
2068.5,501.5
2068.5,502.5
2069.5,502.5
2069.5,503.5
2069.5,504.5
2069.5,505.5
2068.5,505.5
2068.5,506.5
2067.5,506.5
2067.5,507.5
2067.5,508.5
2067.5,509.5
2067.5,510.5
2068.5,510.5
2068.5,511.5
2069.5,511.5
2069.5,512.5
2070.5,512.5
2070.5,513.5
2071.5,513.5
2071.5,514.5
2071.5,515.5
2070.5,515.5
2069.5,515.5
2069.5,516.5
2068.5,516.5
2067.5,516.5
2066.5,516.5
2065.5,516.5
2065.5,517.5
2064.5,517.5
2063.5,517.5
2062.5,517.5
2061.5,517.5
2060.5,517.5
2060.5,516.5
2059.5,516.5
2058.5,516.5
2057.5,516.5
2056.5,516.5
2056.5,517.5
2056.5,518.5
2055.5,518.5
2055.5,519.5
2055.5,520.5
2056.5,520.5
2056.5,521.5
2057.5,521.5
2057.5,522.5
2057.5,523.5
2056.5,523.5
2055.5,523.5
2054.5,523.5
2053.5,523.5
2052.5,523.5
2052.5,524.5
2051.5,524.5
2050.5,524.5
2050.5,523.5
2049.5,523.5
2049.5,522.5
2048.5,522.5
2048.5,521.5
2047.5,521.5
2046.5,521.5
2045.5,521.5
2044.5,521.5
2044.5,522.5
2043.5,522.5
2043.5,523.5
2042.5,523.5
2042.5,524.5
2042.5,525.5
2043.5,525.5
2043.5,526.5
2044.5,526.5
2044.5,527.5
2045.5,527.5
2046.5,527.5
2046.5,528.5
2047.5,528.5
2047.5,529.5
2047.5,530.5
2046.5,530.5
2046.5,531.5
2045.5,531.5
2045.5,532.5
2044.5,532.5
2043.5,532.5
2042.5,532.5
2041.5,532.5
2041.5,533.5
2040.5,533.5
2039.5,533.5
2039.5,532.5
2038.5,532.5
2037.5,532.5
2036.5,532.5
2036.5,533.5
2036.5,534.5
2035.5,534.5
2035.5,535.5
2034.5,535.5
2034.5,536.5
2033.5,536.5
2033.5,537.5
2033.5,538.5
2032.5,538.5
2032.5,539.5
2032.5,540.5
2032.5,541.5
2032.5,542.5
2032.5,543.5
2033.5,543.5
2033.5,544.5
2033.5,545.5
2033.5,546.5
2034.5,546.5
2034.5,547.5
2035.5,547.5
2035.5,548.5
2035.5,549.5
2035.5,550.5
2035.5,551.5
2035.5,552.5
2034.5,552.5
2034.5,553.5
2033.5,553.5
2033.5,554.5
2032.5,554.5
2031.5,554.5
2031.5,555.5
2030.5,555.5
2029.5,555.5
2028.5,555.5
2027.5,555.5
2026.5,555.5
2026.5,556.5
2025.5,556.5
2025.5,557.5
2025.5,558.5
2024.5,558.5
2024.5,559.5
2023.5,559.5
2023.5,560.5
2022.5,560.5
2022.5,561.5
2021.5,561.5
2021.5,562.5
2020.5,562.5
2019.5,562.5
2018.5,562.5
2018.5,563.5
2017.5,563.5
2016.5,563.5
2016.5,564.5
2015.5,564.5
2015.5,565.5
2015.5,566.5
2014.5,566.5
2014.5,567.5
2014.5,568.5
2014.5,569.5
2014.5,570.5
2014.5,571.5
2014.5,572.5
2014.5,573.5
2014.5,574.5
2013.5,574.5
2013.5,575.5
2012.5,575.5
2012.5,576.5
2011.5,576.5
2011.5,577.5
2011.5,578.5
2012.5,578.5
2013.5,578.5
2014.5,578.5
2014.5,579.5
2015.5,579.5
2016.5,579.5
2017.5,579.5
2017.5,580.5
2017.5,581.5
2017.5,582.5
2017.5,583.5
2017.5,584.5
2017.5,585.5
2017.5,586.5
2017.5,587.5
2017.5,588.5
2017.5,589.5
2017.5,590.5
2016.5,590.5
2016.5,591.5
2015.5,591.5
2015.5,592.5
2014.5,592.5
2014.5,593.5
2013.5,593.5
2013.5,594.5
2012.5,594.5
2012.5,595.5
2011.5,595.5
2011.5,596.5
2010.5,596.5
2010.5,597.5
2009.5,597.5
2009.5,598.5
2009.5,599.5
2009.5,600.5
2009.5,601.5
2009.5,602.5
2009.5,603.5
2009.5,604.5
2008.5,604.5
2008.5,605.5
2007.5,605.5
2007.5,606.5
2006.5,606.5
2006.5,607.5
2005.5,607.5
2004.5,607.5
2003.5,607.5
2003.5,608.5
2002.5,608.5
2002.5,609.5
2001.5,609.5
2000.5,609.5
1999.5,609.5
1999.5,610.5
1998.5,610.5
1998.5,611.5
1998.5,612.5
1997.5,612.5
1997.5,613.5
1997.5,614.5
1996.5,614.5
1996.5,615.5
1996.5,616.5
1996.5,617.5
1996.5,618.5
1996.5,619.5
1997.5,619.5
1997.5,620.5
1998.5,620.5
1998.5,621.5
1998.5,622.5
1998.5,623.5
1998.5,624.5
1997.5,624.5
1997.5,625.5
1996.5,625.5
1996.5,626.5
1996.5,627.5
1996.5,628.5
1996.5,629.5
1997.5,629.5
1998.5,629.5
1998.5,630.5
1999.5,630.5
1999.5,631.5
2000.5,631.5
2000.5,632.5
2001.5,632.5
2001.5,633.5
2002.5,633.5
2002.5,634.5
2003.5,634.5
2003.5,635.5
2004.5,635.5
2004.5,636.5
2004.5,637.5
2004.5,638.5
2004.5,639.5
2005.5,639.5
2005.5,640.5
2005.5,641.5
2005.5,642.5
2005.5,643.5
2005.5,644.5
2005.5,645.5
2005.5,646.5
2004.5,646.5
2004.5,647.5
2003.5,647.5
2003.5,648.5
2002.5,648.5
2002.5,649.5
2001.5,649.5
2000.5,649.5
1999.5,649.5
1998.5,649.5
1998.5,650.5
1997.5,650.5
1996.5,650.5
1995.5,650.5
1994.5,650.5
1993.5,650.5
1992.5,650.5
1991.5,650.5
1990.5,650.5
1989.5,650.5
1988.5,650.5
1987.5,650.5
1986.5,650.5
1986.5,649.5
1985.5,649.5
1984.5,649.5
1983.5,649.5
1982.5,649.5
1982.5,648.5
1981.5,648.5
1980.5,648.5
1980.5,647.5
1979.5,647.5
1978.5,647.5
1978.5,648.5
1977.5,648.5
1976.5,648.5
1975.5,648.5
1974.5,648.5
1973.5,648.5
1973.5,649.5
1972.5,649.5
1972.5,650.5
1971.5,650.5
1971.5,651.5
1970.5,651.5
1970.5,652.5
1970.5,653.5
1970.5,654.5
1969.5,654.5
1968.5,654.5
1967.5,654.5
1966.5,654.5
1965.5,654.5
1964.5,654.5
1963.5,654.5
1962.5,654.5
1961.5,654.5
1960.5,654.5
1959.5,654.5
1959.5,655.5
1958.5,655.5
1958.5,656.5
1957.5,656.5
1957.5,657.5
1956.5,657.5
1955.5,657.5
1954.5,657.5
1954.5,656.5
1953.5,656.5
1953.5,655.5
1952.5,655.5
1951.5,655.5
1951.5,654.5
1950.5,654.5
1949.5,654.5
1948.5,654.5
1947.5,654.5
1946.5,654.5
1945.5,654.5
1944.5,654.5
1943.5,654.5
1943.5,655.5
1942.5,655.5
1942.5,656.5
1941.5,656.5
1941.5,657.5
1941.5,658.5
1941.5,659.5
1940.5,659.5
1940.5,660.5
1940.5,661.5
1939.5,661.5
1939.5,662.5
1939.5,663.5
1939.5,664.5
1939.5,665.5
1939.5,666.5
1939.5,667.5
1938.5,667.5
1938.5,668.5
1937.5,668.5
1936.5,668.5
1936.5,669.5
1935.5,669.5
1934.5,669.5
1934.5,670.5
1933.5,670.5
1932.5,670.5
1931.5,670.5
1930.5,670.5
1929.5,670.5
1929.5,671.5
1928.5,671.5
1928.5,672.5
1927.5,672.5
1927.5,673.5
1926.5,673.5
1926.5,674.5
1925.5,674.5
1925.5,675.5
1924.5,675.5
1924.5,676.5
1923.5,676.5
1923.5,677.5
1922.5,677.5
1922.5,678.5
1921.5,678.5
1921.5,679.5
1920.5,679.5
1920.5,680.5
1920.5,681.5
1920.5,682.5
1920.5,683.5
1920.5,684.5
1920.5,685.5
1920.5,686.5
1920.5,687.5
1921.5,687.5
1921.5,688.5
1922.5,688.5
1922.5,689.5
1923.5,689.5
1924.5,689.5
1924.5,690.5
1925.5,690.5
1925.5,691.5
1925.5,692.5
1925.5,693.5
1924.5,693.5
1924.5,694.5
1923.5,694.5
1922.5,694.5
1921.5,694.5
1920.5,694.5
1919.5,694.5
1918.5,694.5
1917.5,694.5
1917.5,695.5
1916.5,695.5
1916.5,696.5
1915.5,696.5
1914.5,696.5
1913.5,696.5
1912.5,696.5
1911.5,696.5
1910.5,696.5
1909.5,696.5
1908.5,696.5
1907.5,696.5
1906.5,696.5
1906.5,695.5
1905.5,695.5
1904.5,695.5
1903.5,695.5
1902.5,695.5
1901.5,695.5
1901.5,696.5
1900.5,696.5
1899.5,696.5
1898.5,696.5
1897.5,696.5
1897.5,697.5
1896.5,697.5
1896.5,698.5
1896.5,699.5
1896.5,700.5
1896.5,701.5
1896.5,702.5
1896.5,703.5
1896.5,704.5
1896.5,705.5
1895.5,705.5
1894.5,705.5
1894.5,706.5
1893.5,706.5
1893.5,707.5
1892.5,707.5
1891.5,707.5
1890.5,707.5
1889.5,707.5
1888.5,707.5
1887.5,707.5
1886.5,707.5
1885.5,707.5
1885.5,708.5
1884.5,708.5
1883.5,708.5
1882.5,708.5
1882.5,709.5
1881.5,709.5
1881.5,710.5
1880.5,710.5
1879.5,710.5
1878.5,710.5
1878.5,711.5
1877.5,711.5
1876.5,711.5
1875.5,711.5
1874.5,711.5
1874.5,712.5
1873.5,712.5
1872.5,712.5
1871.5,712.5
1871.5,713.5
1870.5,713.5
1869.5,713.5
1869.5,714.5
1868.5,714.5
1867.5,714.5
1866.5,714.5
1866.5,713.5
1865.5,713.5
1864.5,713.5
1863.5,713.5
1863.5,712.5
1862.5,712.5
1862.5,711.5
1861.5,711.5
1860.5,711.5
1859.5,711.5
1858.5,711.5
1858.5,710.5
1857.5,710.5
1856.5,710.5
1855.5,710.5
1854.5,710.5
1854.5,711.5
1853.5,711.5
1853.5,712.5
1852.5,712.5
1852.5,713.5
1852.5,714.5
1853.5,714.5
1853.5,715.5
1854.5,715.5
1854.5,716.5
1854.5,717.5
1854.5,718.5
1853.5,718.5
1853.5,719.5
1852.5,719.5
1851.5,719.5
1851.5,720.5
1850.5,720.5
1849.5,720.5
1849.5,721.5
1848.5,721.5
1847.5,721.5
1846.5,721.5
1845.5,721.5
1844.5,721.5
1843.5,721.5
1842.5,721.5
1841.5,721.5
1840.5,721.5
1839.5,721.5
1838.5,721.5
1837.5,721.5
1836.5,721.5
1836.5,722.5
1835.5,722.5
1834.5,722.5
1833.5,722.5
1832.5,722.5
1831.5,722.5
1831.5,723.5
1830.5,723.5
1829.5,723.5
1828.5,723.5
1827.5,723.5
1827.5,724.5
1826.5,724.5
1825.5,724.5
1824.5,724.5
1823.5,724.5
1822.5,724.5
1822.5,723.5
1821.5,723.5
1820.5,723.5
1819.5,723.5
1818.5,723.5
1817.5,723.5
1816.5,723.5
1815.5,723.5
1814.5,723.5
1813.5,723.5
1813.5,724.5
1812.5,724.5
1811.5,724.5
1810.5,724.5
1809.5,724.5
1809.5,725.5
1809.5,726.5
1808.5,726.5
1808.5,727.5
1808.5,728.5
1807.5,728.5
1806.5,728.5
1806.5,729.5
1805.5,729.5
1805.5,730.5
1804.5,730.5
1803.5,730.5
1803.5,731.5
1802.5,731.5
1801.5,731.5
1801.5,732.5
1800.5,732.5
1799.5,732.5
1798.5,732.5
1797.5,732.5
1796.5,732.5
1795.5,732.5
1794.5,732.5
1793.5,732.5
1792.5,732.5
1792.5,733.5
1791.5,733.5
1790.5,733.5
1789.5,733.5
1789.5,734.5
1788.5,734.5
1788.5,735.5
1788.5,736.5
1788.5,737.5
1788.5,738.5
1787.5,738.5
1787.5,739.5
1787.5,740.5
1787.5,741.5
1787.5,742.5
1787.5,743.5
1786.5,743.5
1785.5,743.5
1785.5,744.5
1784.5,744.5
1784.5,745.5
1783.5,745.5
1782.5,745.5
1781.5,745.5
1780.5,745.5
1780.5,746.5
1779.5,746.5
1778.5,746.5
1777.5,746.5
1777.5,745.5
1776.5,745.5
1775.5,745.5
1774.5,745.5
1773.5,745.5
1772.5,745.5
1771.5,745.5
1770.5,745.5
1769.5,745.5
1768.5,745.5
1768.5,746.5
1767.5,746.5
1767.5,747.5
1766.5,747.5
1766.5,748.5
1765.5,748.5
1764.5,748.5
1764.5,749.5
1763.5,749.5
1762.5,749.5
1761.5,749.5
1760.5,749.5
1760.5,748.5
1759.5,748.5
1759.5,747.5
1758.5,747.5
1757.5,747.5
1757.5,746.5
1756.5,746.5
1755.5,746.5
1754.5,746.5
1753.5,746.5
1752.5,746.5
1751.5,746.5
1750.5,746.5
1749.5,746.5
1748.5,746.5
1747.5,746.5
1747.5,747.5
1746.5,747.5
1746.5,748.5
1745.5,748.5
1744.5,748.5
1743.5,748.5
1742.5,748.5
1741.5,748.5
1740.5,748.5
1739.5,748.5
1738.5,748.5
1738.5,749.5
1737.5,749.5
1736.5,749.5
1735.5,749.5
1734.5,749.5
1734.5,748.5
1733.5,748.5
1733.5,747.5
1732.5,747.5
1732.5,746.5
1731.5,746.5
1731.5,745.5
1730.5,745.5
1730.5,744.5
1729.5,744.5
1728.5,744.5
1727.5,744.5
1726.5,744.5
1726.5,743.5
1725.5,743.5
1724.5,743.5
1724.5,744.5
1723.5,744.5
1722.5,744.5
1721.5,744.5
1720.5,744.5
1719.5,744.5
1718.5,744.5
1717.5,744.5
1716.5,744.5
1716.5,745.5
1715.5,745.5
1714.5,745.5
1713.5,745.5
1712.5,745.5
1711.5,745.5
1710.5,745.5
1709.5,745.5
1708.5,745.5
1707.5,745.5
1706.5,745.5
1705.5,745.5
1705.5,744.5
1704.5,744.5
1703.5,744.5
1702.5,744.5
1701.5,744.5
1700.5,744.5
1699.5,744.5
1698.5,744.5
1697.5,744.5
1696.5,744.5
1695.5,744.5
1694.5,744.5
1693.5,744.5
1692.5,744.5
1691.5,744.5
1690.5,744.5
1690.5,745.5
1689.5,745.5
1688.5,745.5
1688.5,746.5
1687.5,746.5
1686.5,746.5
1685.5,746.5
1684.5,746.5
1683.5,746.5
1682.5,746.5
1681.5,746.5
1680.5,746.5
1679.5,746.5
1678.5,746.5
1678.5,745.5
1677.5,745.5
1676.5,745.5
1675.5,745.5
1675.5,744.5
1674.5,744.5
1673.5,744.5
1672.5,744.5
1672.5,743.5
1671.5,743.5
1670.5,743.5
1670.5,742.5
1669.5,742.5
1668.5,742.5
1667.5,742.5
1666.5,742.5
1665.5,742.5
1664.5,742.5
1663.5,742.5
1662.5,742.5
1661.5,742.5
1661.5,743.5
1660.5,743.5
1659.5,743.5
1658.5,743.5
1657.5,743.5
1656.5,743.5
1656.5,744.5
1655.5,744.5
1654.5,744.5
1653.5,744.5
1652.5,744.5
1651.5,744.5
1650.5,744.5
1649.5,744.5
1648.5,744.5
1647.5,744.5
1646.5,744.5
1645.5,744.5
1644.5,744.5
1643.5,744.5
1642.5,744.5
1641.5,744.5
1640.5,744.5
1639.5,744.5
1638.5,744.5
1638.5,745.5
1637.5,745.5
1636.5,745.5
1635.5,745.5
1635.5,746.5
1634.5,746.5
1633.5,746.5
1632.5,746.5
1631.5,746.5
1631.5,747.5
1630.5,747.5
1630.5,748.5
1629.5,748.5
1629.5,749.5
1628.5,749.5
1627.5,749.5
1626.5,749.5
1625.5,749.5
1624.5,749.5
1623.5,749.5
1622.5,749.5
1621.5,749.5
1620.5,749.5
1620.5,748.5
1619.5,748.5
1618.5,748.5
1617.5,748.5
1616.5,748.5
1616.5,747.5
1615.5,747.5
1615.5,746.5
1615.5,745.5
1614.5,745.5
1614.5,744.5
1614.5,743.5
1614.5,742.5
1614.5,741.5
1614.5,740.5
1613.5,740.5
1613.5,739.5
1613.5,738.5
1612.5,738.5
1612.5,737.5
1612.5,736.5
1611.5,736.5
1611.5,735.5
1611.5,734.5
1610.5,734.5
1610.5,733.5
1609.5,733.5
1609.5,732.5
1608.5,732.5
1608.5,731.5
1607.5,731.5
1606.5,731.5
1606.5,730.5
1605.5,730.5
1605.5,729.5
1604.5,729.5
1603.5,729.5
1603.5,728.5
1602.5,728.5
1602.5,727.5
1601.5,727.5
1601.5,726.5
1600.5,726.5
1599.5,726.5
1598.5,726.5
1598.5,725.5
1597.5,725.5
1597.5,724.5
1596.5,724.5
1596.5,723.5
1595.5,723.5
1594.5,723.5
1593.5,723.5
1592.5,723.5
1591.5,723.5
1590.5,723.5
1589.5,723.5
1588.5,723.5
1587.5,723.5
1586.5,723.5
1585.5,723.5
1585.5,722.5
1584.5,722.5
1583.5,722.5
1582.5,722.5
1581.5,722.5
1580.5,722.5
1579.5,722.5
1578.5,722.5
1577.5,722.5
1576.5,722.5
1575.5,722.5
1574.5,722.5
1573.5,722.5
1572.5,722.5
1571.5,722.5
1571.5,723.5
1570.5,723.5
1569.5,723.5
1568.5,723.5
1567.5,723.5
1567.5,724.5
1566.5,724.5
1566.5,725.5
1566.5,726.5
1565.5,726.5
1565.5,727.5
1564.5,727.5
1563.5,727.5
1563.5,728.5
1562.5,728.5
1562.5,729.5
1561.5,729.5
1561.5,730.5
1560.5,730.5
1559.5,730.5
1558.5,730.5
1558.5,731.5
1557.5,731.5
1557.5,732.5
1556.5,732.5
1556.5,733.5
1555.5,733.5
1554.5,733.5
1553.5,733.5
1552.5,733.5
1552.5,734.5
1551.5,734.5
1551.5,735.5
1550.5,735.5
1550.5,736.5
1549.5,736.5
1549.5,737.5
1549.5,738.5
1548.5,738.5
1548.5,739.5
1547.5,739.5
1547.5,740.5
1546.5,740.5
1546.5,741.5
1545.5,741.5
1545.5,742.5
1544.5,742.5
1543.5,742.5
1542.5,742.5
1541.5,742.5
1540.5,742.5
1540.5,741.5
1539.5,741.5
1538.5,741.5
1537.5,741.5
1536.5,741.5
1535.5,741.5
1535.5,742.5
1534.5,742.5
1533.5,742.5
1532.5,742.5
1531.5,742.5
1530.5,742.5
1530.5,743.5
1529.5,743.5
1528.5,743.5
1527.5,743.5
1527.5,744.5
1526.5,744.5
1526.5,745.5
1525.5,745.5
1524.5,745.5
1524.5,746.5
1523.5,746.5
1522.5,746.5
1522.5,747.5
1521.5,747.5
1520.5,747.5
1519.5,747.5
1519.5,748.5
1518.5,748.5
1518.5,749.5
1517.5,749.5
1517.5,750.5
1516.5,750.5
1515.5,750.5
1515.5,751.5
1514.5,751.5
1513.5,751.5
1512.5,751.5
1511.5,751.5
1510.5,751.5
1509.5,751.5
1508.5,751.5
1507.5,751.5
1506.5,751.5
1505.5,751.5
1505.5,752.5
1504.5,752.5
1503.5,752.5
1502.5,752.5
1502.5,753.5
1501.5,753.5
1500.5,753.5
1499.5,753.5
1498.5,753.5
1497.5,753.5
1497.5,754.5
1496.5,754.5
1496.5,755.5
1496.5,756.5
1495.5,756.5
1495.5,757.5
1494.5,757.5
1493.5,757.5
1493.5,758.5
1492.5,758.5
1491.5,758.5
1490.5,758.5
1489.5,758.5
1489.5,759.5
1488.5,759.5
1487.5,759.5
1486.5,759.5
1486.5,760.5
1485.5,760.5
1485.5,761.5
1484.5,761.5
1483.5,761.5
1482.5,761.5
1482.5,762.5
1481.5,762.5
1480.5,762.5
1479.5,762.5
1479.5,763.5
1478.5,763.5
1477.5,763.5
1476.5,763.5
1476.5,764.5
1475.5,764.5
1474.5,764.5
1474.5,765.5
1473.5,765.5
1473.5,766.5
1472.5,766.5
1471.5,766.5
1470.5,766.5
1469.5,766.5
1468.5,766.5
1468.5,765.5
1467.5,765.5
1466.5,765.5
1465.5,765.5
1465.5,766.5
1465.5,767.5
1464.5,767.5
1464.5,768.5
1463.5,768.5
1463.5,769.5
1462.5,769.5
1461.5,769.5
1461.5,770.5
1461.5,771.5
1460.5,771.5
1460.5,772.5
1459.5,772.5
1459.5,773.5
1458.5,773.5
1458.5,774.5
1457.5,774.5
1457.5,775.5
1457.5,776.5
1456.5,776.5
1456.5,777.5
1455.5,777.5
1455.5,778.5
1454.5,778.5
1454.5,779.5
1453.5,779.5
1453.5,780.5
1452.5,780.5
1452.5,781.5
1452.5,782.5
1452.5,783.5
1451.5,783.5
1450.5,783.5
1449.5,783.5
1448.5,783.5
1447.5,783.5
1446.5,783.5
1445.5,783.5
1444.5,783.5
1443.5,783.5
1442.5,783.5
1441.5,783.5
1440.5,783.5
1439.5,783.5
1438.5,783.5
1437.5,783.5
1436.5,783.5
1435.5,783.5
1434.5,783.5
1433.5,783.5
1432.5,783.5
1431.5,783.5
1430.5,783.5
1429.5,783.5
1428.5,783.5
1427.5,783.5
1426.5,783.5
1425.5,783.5
1424.5,783.5
1423.5,783.5
1422.5,783.5
1421.5,783.5
1420.5,783.5
1419.5,783.5
1418.5,783.5
1417.5,783.5
1416.5,783.5
1415.5,783.5
1414.5,783.5
1413.5,783.5
1412.5,783.5
1411.5,783.5
1410.5,783.5
1409.5,783.5
1408.5,783.5
1407.5,783.5
1406.5,783.5
1405.5,783.5
1404.5,783.5
1403.5,783.5
1402.5,783.5
1401.5,783.5
1400.5,783.5
1399.5,783.5
1398.5,783.5
1397.5,783.5
1396.5,783.5
1395.5,783.5
1394.5,783.5
1393.5,783.5
1392.5,783.5
1391.5,783.5
1390.5,783.5
1389.5,783.5
1388.5,783.5
1387.5,783.5
1386.5,783.5
1385.5,783.5
1384.5,783.5
1383.5,783.5
1382.5,783.5
1381.5,783.5
1380.5,783.5
1379.5,783.5
1378.5,783.5
1377.5,783.5
1376.5,783.5
1375.5,783.5
1374.5,783.5
1373.5,783.5
1372.5,783.5
1371.5,783.5
1370.5,783.5
1369.5,783.5
1368.5,783.5
1367.5,783.5
1366.5,783.5
1365.5,783.5
1364.5,783.5
1363.5,783.5
1362.5,783.5
1361.5,783.5
1360.5,783.5
1359.5,783.5
1358.5,783.5
1357.5,783.5
1356.5,783.5
1355.5,783.5
1354.5,783.5
1353.5,783.5
1352.5,783.5
1351.5,783.5
1350.5,783.5
1349.5,783.5
1348.5,783.5
1347.5,783.5
1346.5,783.5
1345.5,783.5
1344.5,783.5
1343.5,783.5
1342.5,783.5
1341.5,783.5
1340.5,783.5
1339.5,783.5
1338.5,783.5
1337.5,783.5
1336.5,783.5
1335.5,783.5
1334.5,783.5
1333.5,783.5
1332.5,783.5
1331.5,783.5
1330.5,783.5
1329.5,783.5
1328.5,783.5
1327.5,783.5
1326.5,783.5
1325.5,783.5
1324.5,783.5
1323.5,783.5
1322.5,783.5
1321.5,783.5
1320.5,783.5
1319.5,783.5
1318.5,783.5
1317.5,783.5
1316.5,783.5
1315.5,783.5
1314.5,783.5
1313.5,783.5
1312.5,783.5
1311.5,783.5
1310.5,783.5
1309.5,783.5
1308.5,783.5
1307.5,783.5
1306.5,783.5
1305.5,783.5
1304.5,783.5
1303.5,783.5
1302.5,783.5
1301.5,783.5
1300.5,783.5
1299.5,783.5
1298.5,783.5
1297.5,783.5
1296.5,783.5
1295.5,783.5
1294.5,783.5
1293.5,783.5
1292.5,783.5
1291.5,783.5
1290.5,783.5
1289.5,783.5
1288.5,783.5
1287.5,783.5
1286.5,783.5
1285.5,783.5
1284.5,783.5
1283.5,783.5
1282.5,783.5
1281.5,783.5
1280.5,783.5
1279.5,783.5
1278.5,783.5
1277.5,783.5
1276.5,783.5
1275.5,783.5
1274.5,783.5
1273.5,783.5
1272.5,783.5
1271.5,783.5
1270.5,783.5
1269.5,783.5
1268.5,783.5
1267.5,783.5
1266.5,783.5
1265.5,783.5
1264.5,783.5
1263.5,783.5
1262.5,783.5
1261.5,783.5
1260.5,783.5
1259.5,783.5
1258.5,783.5
1257.5,783.5
1256.5,783.5
1255.5,783.5
1254.5,783.5
1253.5,783.5
1252.5,783.5
1251.5,783.5
1250.5,783.5
1249.5,783.5
1248.5,783.5
1247.5,783.5
1246.5,783.5
1245.5,783.5
1244.5,783.5
1243.5,783.5
1242.5,783.5
1241.5,783.5
1240.5,783.5
1239.5,783.5
1238.5,783.5
1237.5,783.5
1236.5,783.5
1235.5,783.5
1234.5,783.5
1233.5,783.5
1232.5,783.5
1231.5,783.5
1230.5,783.5
1229.5,783.5
1228.5,783.5
1227.5,783.5
1226.5,783.5
1225.5,783.5
1224.5,783.5
1223.5,783.5
1222.5,783.5
1221.5,783.5
1220.5,783.5
1219.5,783.5
1218.5,783.5
1217.5,783.5
1216.5,783.5
1215.5,783.5
1214.5,783.5
1213.5,783.5
1212.5,783.5
1211.5,783.5
1210.5,783.5
1209.5,783.5
1208.5,783.5
1207.5,783.5
1206.5,783.5
1205.5,783.5
1204.5,783.5
1203.5,783.5
1202.5,783.5
1201.5,783.5
1200.5,783.5
1199.5,783.5
1198.5,783.5
1197.5,783.5
1196.5,783.5
1195.5,783.5
1194.5,783.5
1193.5,783.5
1192.5,783.5
1191.5,783.5
1190.5,783.5
1189.5,783.5
1188.5,783.5
1187.5,783.5
1186.5,783.5
1185.5,783.5
1184.5,783.5
1183.5,783.5
1182.5,783.5
1181.5,783.5
1180.5,783.5
1179.5,783.5
1178.5,783.5
1177.5,783.5
1176.5,783.5
1175.5,783.5
1174.5,783.5
1173.5,783.5
1172.5,783.5
1171.5,783.5
1170.5,783.5
1169.5,783.5
1168.5,783.5
1167.5,783.5
1166.5,783.5
1165.5,783.5
1164.5,783.5
1163.5,783.5
1162.5,783.5
1161.5,783.5
1160.5,783.5
1159.5,783.5
1158.5,783.5
1157.5,783.5
1156.5,783.5
1155.5,783.5
1154.5,783.5
1153.5,783.5
1152.5,783.5
1151.5,783.5
1150.5,783.5
1149.5,783.5
1148.5,783.5
1147.5,783.5
1146.5,783.5
1145.5,783.5
1144.5,783.5
1143.5,783.5
1142.5,783.5
1141.5,783.5
1140.5,783.5
1139.5,783.5
1138.5,783.5
1137.5,783.5
1136.5,783.5
1135.5,783.5
1134.5,783.5
1133.5,783.5
1132.5,783.5
1131.5,783.5
1130.5,783.5
1129.5,783.5
1128.5,783.5
1127.5,783.5
1126.5,783.5
1125.5,783.5
1124.5,783.5
1123.5,783.5
1122.5,783.5
1121.5,783.5
1120.5,783.5
1119.5,783.5
1118.5,783.5
1117.5,783.5
1116.5,783.5
1115.5,783.5
1114.5,783.5
1113.5,783.5
1112.5,783.5
1111.5,783.5
1110.5,783.5
1109.5,783.5
1108.5,783.5
1107.5,783.5
1106.5,783.5
1105.5,783.5
1104.5,783.5
1103.5,783.5
1102.5,783.5
1101.5,783.5
1100.5,783.5
1099.5,783.5
1098.5,783.5
1097.5,783.5
1096.5,783.5
1095.5,783.5
1094.5,783.5
1093.5,783.5
1092.5,783.5
1091.5,783.5
1090.5,783.5
1089.5,783.5
1088.5,783.5
1087.5,783.5
1086.5,783.5
1085.5,783.5
1084.5,783.5
1083.5,783.5
1082.5,783.5
1081.5,783.5
1080.5,783.5
1079.5,783.5
1078.5,783.5
1077.5,783.5
1076.5,783.5
1075.5,783.5
1074.5,783.5
1073.5,783.5
1072.5,783.5
1071.5,783.5
1070.5,783.5
1069.5,783.5
1068.5,783.5
1067.5,783.5
1066.5,783.5
1065.5,783.5
1064.5,783.5
1063.5,783.5
1062.5,783.5
1061.5,783.5
1060.5,783.5
1059.5,783.5
1058.5,783.5
1057.5,783.5
1056.5,783.5
1055.5,783.5
1054.5,783.5
1053.5,783.5
1052.5,783.5
1051.5,783.5
1050.5,783.5
1049.5,783.5
1048.5,783.5
1047.5,783.5
1046.5,783.5
1045.5,783.5
1044.5,783.5
1043.5,783.5
1042.5,783.5
1041.5,783.5
1040.5,783.5
1039.5,783.5
1038.5,783.5
1037.5,783.5
1036.5,783.5
1035.5,783.5
1034.5,783.5
1033.5,783.5
1032.5,783.5
1031.5,783.5
1030.5,783.5
1029.5,783.5
1028.5,783.5
1027.5,783.5
1026.5,783.5
1025.5,783.5
1024.5,783.5
1023.5,783.5
1022.5,783.5
1021.5,783.5
1020.5,783.5
1019.5,783.5
1018.5,783.5
1017.5,783.5
1016.5,783.5
1015.5,783.5
1014.5,783.5
1013.5,783.5
1012.5,783.5
1011.5,783.5
1010.5,783.5
1009.5,783.5
1008.5,783.5
1007.5,783.5
1006.5,783.5
1005.5,783.5
1004.5,783.5
1003.5,783.5
1002.5,783.5
1001.5,783.5
1000.5,783.5
999.5,783.5
998.5,783.5
997.5,783.5
996.5,783.5
995.5,783.5
994.5,783.5
993.5,783.5
992.5,783.5
991.5,783.5
990.5,783.5
989.5,783.5
988.5,783.5
987.5,783.5
986.5,783.5
985.5,783.5
984.5,783.5
983.5,783.5
982.5,783.5
981.5,783.5
980.5,783.5
979.5,783.5
978.5,783.5
977.5,783.5
976.5,783.5
975.5,783.5
974.5,783.5
973.5,783.5
972.5,783.5
971.5,783.5
970.5,783.5
969.5,783.5
968.5,783.5
967.5,783.5
966.5,783.5
965.5,783.5
964.5,783.5
963.5,783.5
962.5,783.5
961.5,783.5
960.5,783.5
959.5,783.5
958.5,783.5
957.5,783.5
956.5,783.5
955.5,783.5
954.5,783.5
953.5,783.5
952.5,783.5
951.5,783.5
950.5,783.5
949.5,783.5
948.5,783.5
947.5,783.5
946.5,783.5
945.5,783.5
944.5,783.5
943.5,783.5
942.5,783.5
941.5,783.5
940.5,783.5
939.5,783.5
938.5,783.5
937.5,783.5
936.5,783.5
935.5,783.5
934.5,783.5
933.5,783.5
932.5,783.5
931.5,783.5
930.5,783.5
929.5,783.5
928.5,783.5
927.5,783.5
926.5,783.5
925.5,783.5
924.5,783.5
923.5,783.5
922.5,783.5
921.5,783.5
920.5,783.5
919.5,783.5
918.5,783.5
917.5,783.5
916.5,783.5
915.5,783.5
914.5,783.5
913.5,783.5
912.5,783.5
911.5,783.5
910.5,783.5
909.5,783.5
908.5,783.5
907.5,783.5
906.5,783.5
905.5,783.5
904.5,783.5
903.5,783.5
902.5,783.5
901.5,783.5
900.5,783.5
899.5,783.5
898.5,783.5
897.5,783.5
896.5,783.5
895.5,783.5
894.5,783.5
893.5,783.5
892.5,783.5
891.5,783.5
890.5,783.5
889.5,783.5
888.5,783.5
887.5,783.5
886.5,783.5
885.5,783.5
884.5,783.5
883.5,783.5
882.5,783.5
881.5,783.5
880.5,783.5
879.5,783.5
878.5,783.5
877.5,783.5
876.5,783.5
875.5,783.5
874.5,783.5
873.5,783.5
872.5,783.5
871.5,783.5
870.5,783.5
869.5,783.5
868.5,783.5
867.5,783.5
866.5,783.5
865.5,783.5
864.5,783.5
863.5,783.5
862.5,783.5
861.5,783.5
860.5,783.5
859.5,783.5
858.5,783.5
857.5,783.5
856.5,783.5
855.5,783.5
854.5,783.5
853.5,783.5
852.5,783.5
851.5,783.5
850.5,783.5
849.5,783.5
848.5,783.5
847.5,783.5
846.5,783.5
845.5,783.5
844.5,783.5
843.5,783.5
842.5,783.5
841.5,783.5
840.5,783.5
839.5,783.5
838.5,783.5
837.5,783.5
836.5,783.5
835.5,783.5
834.5,783.5
833.5,783.5
832.5,783.5
831.5,783.5
830.5,783.5
829.5,783.5
828.5,783.5
827.5,783.5
826.5,783.5
825.5,783.5
824.5,783.5
823.5,783.5
822.5,783.5
821.5,783.5
820.5,783.5
819.5,783.5
818.5,783.5
817.5,783.5
816.5,783.5
815.5,783.5
814.5,783.5
813.5,783.5
812.5,783.5
811.5,783.5
810.5,783.5
809.5,783.5
808.5,783.5
807.5,783.5
806.5,783.5
805.5,783.5
804.5,783.5
803.5,783.5
802.5,783.5
801.5,783.5
800.5,783.5
799.5,783.5
798.5,783.5
797.5,783.5
796.5,783.5
795.5,783.5
794.5,783.5
793.5,783.5
792.5,783.5
791.5,783.5
790.5,783.5
789.5,783.5
788.5,783.5
787.5,783.5
786.5,783.5
785.5,783.5
784.5,783.5
783.5,783.5
782.5,783.5
781.5,783.5
780.5,783.5
779.5,783.5
778.5,783.5
777.5,783.5
776.5,783.5
775.5,783.5
774.5,783.5
773.5,783.5
772.5,783.5
771.5,783.5
770.5,783.5
769.5,783.5
768.5,783.5
767.5,783.5
766.5,783.5
765.5,783.5
764.5,783.5
763.5,783.5
762.5,783.5
761.5,783.5
760.5,783.5
759.5,783.5
758.5,783.5
757.5,783.5
756.5,783.5
755.5,783.5
754.5,783.5
753.5,783.5
752.5,783.5
751.5,783.5
750.5,783.5
749.5,783.5
748.5,783.5
747.5,783.5
746.5,783.5
745.5,783.5
744.5,783.5
743.5,783.5
742.5,783.5
741.5,783.5
740.5,783.5
739.5,783.5
738.5,783.5
737.5,783.5
736.5,783.5
735.5,783.5
734.5,783.5
733.5,783.5
732.5,783.5
731.5,783.5
730.5,783.5
729.5,783.5
728.5,783.5
727.5,783.5
726.5,783.5
725.5,783.5
724.5,783.5
723.5,783.5
722.5,783.5
721.5,783.5
720.5,783.5
719.5,783.5
718.5,783.5
717.5,783.5
716.5,783.5
715.5,783.5
714.5,783.5
713.5,783.5
712.5,783.5
711.5,783.5
710.5,783.5
709.5,783.5
708.5,783.5
707.5,783.5
706.5,783.5
705.5,783.5
704.5,783.5
703.5,783.5
702.5,783.5
701.5,783.5
700.5,783.5
699.5,783.5
698.5,783.5
697.5,783.5
696.5,783.5
695.5,783.5
694.5,783.5
693.5,783.5
692.5,783.5
691.5,783.5
690.5,783.5
689.5,783.5
688.5,783.5
687.5,783.5
686.5,783.5
685.5,783.5
684.5,783.5
683.5,783.5
682.5,783.5
681.5,783.5
680.5,783.5
679.5,783.5
678.5,783.5
677.5,783.5
676.5,783.5
675.5,783.5
674.5,783.5
673.5,783.5
672.5,783.5
671.5,783.5
670.5,783.5
669.5,783.5
668.5,783.5
667.5,783.5
666.5,783.5
665.5,783.5
664.5,783.5
663.5,783.5
662.5,783.5
661.5,783.5
660.5,783.5
659.5,783.5
658.5,783.5
657.5,783.5
656.5,783.5
655.5,783.5
654.5,783.5
653.5,783.5
652.5,783.5
651.5,783.5
650.5,783.5
649.5,783.5
648.5,783.5
647.5,783.5
646.5,783.5
645.5,783.5
644.5,783.5
643.5,783.5
642.5,783.5
641.5,783.5
640.5,783.5
639.5,783.5
638.5,783.5
637.5,783.5
636.5,783.5
635.5,783.5
634.5,783.5
633.5,783.5
632.5,783.5
631.5,783.5
630.5,783.5
629.5,783.5
628.5,783.5
627.5,783.5
626.5,783.5
625.5,783.5
624.5,783.5
623.5,783.5
622.5,783.5
621.5,783.5
620.5,783.5
619.5,783.5
618.5,783.5
617.5,783.5
616.5,783.5
615.5,783.5
614.5,783.5
613.5,783.5
612.5,783.5
611.5,783.5
610.5,783.5
609.5,783.5
608.5,783.5
607.5,783.5
606.5,783.5
605.5,783.5
604.5,783.5
603.5,783.5
602.5,783.5
601.5,783.5
600.5,783.5
599.5,783.5
598.5,783.5
597.5,783.5
596.5,783.5
595.5,783.5
594.5,783.5
593.5,783.5
592.5,783.5
591.5,783.5
590.5,783.5
589.5,783.5
588.5,783.5
587.5,783.5
586.5,783.5
585.5,783.5
584.5,783.5
583.5,783.5
582.5,783.5
581.5,783.5
580.5,783.5
579.5,783.5
578.5,783.5
577.5,783.5
576.5,783.5
575.5,783.5
574.5,783.5
573.5,783.5
572.5,783.5
571.5,783.5
570.5,783.5
569.5,783.5
568.5,783.5
567.5,783.5
566.5,783.5
565.5,783.5
564.5,783.5
563.5,783.5
562.5,783.5
561.5,783.5
560.5,783.5
559.5,783.5
558.5,783.5
557.5,783.5
556.5,783.5
555.5,783.5
554.5,783.5
553.5,783.5
552.5,783.5
551.5,783.5
550.5,783.5
549.5,783.5
548.5,783.5
547.5,783.5
546.5,783.5
545.5,783.5
544.5,783.5
543.5,783.5
542.5,783.5
541.5,783.5
540.5,783.5
539.5,783.5
538.5,783.5
537.5,783.5
536.5,783.5
535.5,783.5
534.5,783.5
533.5,783.5
532.5,783.5
531.5,783.5
530.5,783.5
529.5,783.5
528.5,783.5
527.5,783.5
526.5,783.5
525.5,783.5
524.5,783.5
523.5,783.5
522.5,783.5
521.5,783.5
520.5,783.5
519.5,783.5
518.5,783.5
517.5,783.5
516.5,783.5
515.5,783.5
514.5,783.5
513.5,783.5
512.5,783.5
511.5,783.5
510.5,783.5
509.5,783.5
508.5,783.5
507.5,783.5
506.5,783.5
505.5,783.5
504.5,783.5
503.5,783.5
502.5,783.5
501.5,783.5
500.5,783.5
499.5,783.5
498.5,783.5
497.5,783.5
496.5,783.5
495.5,783.5
494.5,783.5
493.5,783.5
492.5,783.5
491.5,783.5
490.5,783.5
489.5,783.5
488.5,783.5
487.5,783.5
486.5,783.5
485.5,783.5
484.5,783.5
483.5,783.5
482.5,783.5
481.5,783.5
480.5,783.5
479.5,783.5
478.5,783.5
477.5,783.5
476.5,783.5
475.5,783.5
474.5,783.5
473.5,783.5
472.5,783.5
471.5,783.5
470.5,783.5
469.5,783.5
468.5,783.5
467.5,783.5
466.5,783.5
465.5,783.5
464.5,783.5
463.5,783.5
462.5,783.5
461.5,783.5
460.5,783.5
459.5,783.5
458.5,783.5
457.5,783.5
456.5,783.5
455.5,783.5
454.5,783.5
453.5,783.5
452.5,783.5
451.5,783.5
450.5,783.5
449.5,783.5
448.5,783.5
447.5,783.5
446.5,783.5
445.5,783.5
444.5,783.5
443.5,783.5
442.5,783.5
441.5,783.5
440.5,783.5
439.5,783.5
438.5,783.5
437.5,783.5
436.5,783.5
435.5,783.5
434.5,783.5
433.5,783.5
432.5,783.5
431.5,783.5
430.5,783.5
429.5,783.5
428.5,783.5
427.5,783.5
426.5,783.5
425.5,783.5
424.5,783.5
423.5,783.5
422.5,783.5
421.5,783.5
420.5,783.5
419.5,783.5
418.5,783.5
417.5,783.5
416.5,783.5
415.5,783.5
414.5,783.5
413.5,783.5
412.5,783.5
411.5,783.5
410.5,783.5
409.5,783.5
408.5,783.5
407.5,783.5
406.5,783.5
405.5,783.5
404.5,783.5
403.5,783.5
402.5,783.5
401.5,783.5
400.5,783.5
399.5,783.5
398.5,783.5
397.5,783.5
396.5,783.5
395.5,783.5
394.5,783.5
393.5,783.5
392.5,783.5
391.5,783.5
390.5,783.5
389.5,783.5
388.5,783.5
387.5,783.5
386.5,783.5
385.5,783.5
384.5,783.5
383.5,783.5
382.5,783.5
381.5,783.5
380.5,783.5
379.5,783.5
378.5,783.5
377.5,783.5
376.5,783.5
375.5,783.5
374.5,783.5
373.5,783.5
372.5,783.5
371.5,783.5
370.5,783.5
369.5,783.5
368.5,783.5
367.5,783.5
366.5,783.5
365.5,783.5
364.5,783.5
363.5,783.5
362.5,783.5
361.5,783.5
360.5,783.5
359.5,783.5
358.5,783.5
357.5,783.5
356.5,783.5
355.5,783.5
354.5,783.5
353.5,783.5
352.5,783.5
351.5,783.5
350.5,783.5
349.5,783.5
348.5,783.5
347.5,783.5
346.5,783.5
345.5,783.5
344.5,783.5
343.5,783.5
342.5,783.5
341.5,783.5
340.5,783.5
339.5,783.5
338.5,783.5
337.5,783.5
336.5,783.5
335.5,783.5
334.5,783.5
333.5,783.5
332.5,783.5
331.5,783.5
330.5,783.5
329.5,783.5
328.5,783.5
327.5,783.5
326.5,783.5
325.5,783.5
324.5,783.5
323.5,783.5
322.5,783.5
321.5,783.5
320.5,783.5
319.5,783.5
318.5,783.5
317.5,783.5
316.5,783.5
315.5,783.5
314.5,783.5
313.5,783.5
312.5,783.5
311.5,783.5
310.5,783.5
309.5,783.5
308.5,783.5
307.5,783.5
306.5,783.5
305.5,783.5
304.5,783.5
303.5,783.5
302.5,783.5
301.5,783.5
300.5,783.5
299.5,783.5
298.5,783.5
297.5,783.5
296.5,783.5
295.5,783.5
294.5,783.5
293.5,783.5
292.5,783.5
291.5,783.5
290.5,783.5
289.5,783.5
288.5,783.5
287.5,783.5
286.5,783.5
285.5,783.5
284.5,783.5
283.5,783.5
282.5,783.5
281.5,783.5
280.5,783.5
279.5,783.5
278.5,783.5
277.5,783.5
276.5,783.5
275.5,783.5
275.5,784.5
274.5,784.5
273.5,784.5
272.5,784.5
271.5,784.5
270.5,784.5
269.5,784.5
268.5,784.5
267.5,784.5
266.5,784.5
265.5,784.5
264.5,784.5
263.5,784.5
262.5,784.5
261.5,784.5
260.5,784.5
259.5,784.5
258.5,784.5
257.5,784.5
256.5,784.5
255.5,784.5
254.5,784.5
253.5,784.5
252.5,784.5
251.5,784.5
250.5,784.5
249.5,784.5
248.5,784.5
247.5,784.5
246.5,784.5
245.5,784.5
244.5,784.5
243.5,784.5
242.5,784.5
241.5,784.5
240.5,784.5
239.5,784.5
238.5,784.5
237.5,784.5
236.5,784.5
235.5,784.5
234.5,784.5
233.5,784.5
232.5,784.5
231.5,784.5
230.5,784.5
229.5,784.5
228.5,784.5
227.5,784.5
226.5,784.5
225.5,784.5
224.5,784.5
223.5,784.5
222.5,784.5
221.5,784.5
220.5,784.5
219.5,784.5
218.5,784.5
217.5,784.5
216.5,784.5
215.5,784.5
214.5,784.5
213.5,784.5
212.5,784.5
211.5,784.5
210.5,784.5
209.5,784.5
208.5,784.5
207.5,784.5
206.5,784.5
205.5,784.5
204.5,784.5
203.5,784.5
202.5,784.5
201.5,784.5
200.5,784.5
199.5,784.5
198.5,784.5
197.5,784.5
196.5,784.5
195.5,784.5
194.5,784.5
193.5,784.5
192.5,784.5
191.5,784.5
190.5,784.5
189.5,784.5
188.5,784.5
187.5,784.5
186.5,784.5
185.5,784.5
184.5,784.5
183.5,784.5
182.5,784.5
181.5,784.5
180.5,784.5
179.5,784.5
178.5,784.5
177.5,784.5
176.5,784.5
175.5,784.5
174.5,784.5
173.5,784.5
172.5,784.5
171.5,784.5
170.5,784.5
169.5,784.5
168.5,784.5
167.5,784.5
166.5,784.5
165.5,784.5
164.5,784.5
163.5,784.5
162.5,784.5
161.5,784.5
160.5,784.5
159.5,784.5
158.5,784.5
157.5,784.5
156.5,784.5
155.5,784.5
154.5,784.5
153.5,784.5
152.5,784.5
151.5,784.5
150.5,784.5
149.5,784.5
148.5,784.5
147.5,784.5
146.5,784.5
145.5,784.5
144.5,784.5
143.5,784.5
142.5,784.5
141.5,784.5
140.5,784.5
139.5,784.5
138.5,784.5
137.5,784.5
136.5,784.5
135.5,784.5
134.5,784.5
133.5,784.5
132.5,784.5
131.5,784.5
130.5,784.5
129.5,784.5
128.5,784.5
127.5,784.5
126.5,784.5
125.5,784.5
124.5,784.5
123.5,784.5
122.5,784.5
121.5,784.5
120.5,784.5
119.5,784.5
118.5,784.5
117.5,784.5
116.5,784.5
115.5,784.5
114.5,784.5
113.5,784.5
112.5,784.5
111.5,784.5
110.5,784.5
109.5,784.5
108.5,784.5
107.5,784.5
106.5,784.5
105.5,784.5
104.5,784.5
103.5,784.5
102.5,784.5
101.5,784.5
100.5,784.5
99.5,784.5
98.5,784.5
97.5,784.5
96.5,784.5
95.5,784.5
94.5,784.5
93.5,784.5
92.5,784.5
91.5,784.5
90.5,784.5
89.5,784.5
88.5,784.5
87.5,784.5
86.5,784.5
85.5,784.5
84.5,784.5
83.5,784.5
82.5,784.5
81.5,784.5
80.5,784.5
79.5,784.5
78.5,784.5
77.5,784.5
76.5,784.5
75.5,784.5
74.5,784.5
73.5,784.5
72.5,784.5
71.5,784.5
70.5,784.5
69.5,784.5
68.5,784.5
67.5,784.5
66.5,784.5
65.5,784.5
64.5,784.5
63.5,784.5
62.5,784.5
61.5,784.5
60.5,784.5
59.5,784.5
58.5,784.5
57.5,784.5
56.5,784.5
55.5,784.5
54.5,784.5
53.5,784.5
52.5,784.5
51.5,784.5
50.5,784.5
49.5,784.5
48.5,784.5
47.5,784.5
46.5,784.5
45.5,784.5
44.5,784.5
43.5,784.5
42.5,784.5
41.5,784.5
40.5,784.5
39.5,784.5
38.5,784.5
37.5,784.5
36.5,784.5
35.5,784.5
34.5,784.5
33.5,784.5
32.5,784.5
31.5,784.5
30.5,784.5
29.5,784.5
28.5,784.5
27.5,784.5
26.5,784.5
25.5,784.5
24.5,784.5
23.5,784.5
22.5,784.5
21.5,784.5
20.5,784.5
19.5,784.5
18.5,784.5
17.5,784.5
16.5,784.5
15.5,784.5
14.5,784.5
13.5,784.5
12.5,784.5
11.5,784.5
10.5,784.5
9.5,784.5
8.5,784.5
7.5,784.5
6.5,784.5
5.5,784.5
4.5,784.5
3.5,784.5
2.5,784.5
1.5,784.5
0.5,784.5
-0.5,784.5
-0.5,783.5
-0.5,782.5
-0.5,781.5
-0.5,780.5
-0.5,779.5
-0.5,778.5
-0.5,777.5
-0.5,776.5
-0.5,775.5
-0.5,774.5
-0.5,773.5
-0.5,772.5
-0.5,771.5
-0.5,770.5
-0.5,769.5
-0.5,768.5
-0.5,767.5
-0.5,766.5
-0.5,765.5
-0.5,764.5
-0.5,763.5
-0.5,762.5
-0.5,761.5
-0.5,760.5
-0.5,759.5
-0.5,758.5
-0.5,757.5
-0.5,756.5
-0.5,755.5
-0.5,754.5
-0.5,753.5
-0.5,752.5
-0.5,751.5
-0.5,750.5
-0.5,749.5
-0.5,748.5
-0.5,747.5
-0.5,746.5
-0.5,745.5
-0.5,744.5
-0.5,743.5
-0.5,742.5
-0.5,741.5
-0.5,740.5
-0.5,739.5
-0.5,738.5
-0.5,737.5
-0.5,736.5
-0.5,735.5
-0.5,734.5
-0.5,733.5
-0.5,732.5
-0.5,731.5
-0.5,730.5
-0.5,729.5
-0.5,728.5
-0.5,727.5
-0.5,726.5
-0.5,725.5
-0.5,724.5
-0.5,723.5
-0.5,722.5
-0.5,721.5
-0.5,720.5
-0.5,719.5
-0.5,718.5
-0.5,717.5
-0.5,716.5
-0.5,715.5
-0.5,714.5
-0.5,713.5
-0.5,712.5
-0.5,711.5
-0.5,710.5
-0.5,709.5
-0.5,708.5
-0.5,707.5
-0.5,706.5
-0.5,705.5
-0.5,704.5
-0.5,703.5
-0.5,702.5
-0.5,701.5
-0.5,700.5
-0.5,699.5
-0.5,698.5
-0.5,697.5
-0.5,696.5
-0.5,695.5
-0.5,694.5
-0.5,693.5
-0.5,692.5
-0.5,691.5
-0.5,690.5
-0.5,689.5
-0.5,688.5
-0.5,687.5
-0.5,686.5
-0.5,685.5
-0.5,684.5
-0.5,683.5
-0.5,682.5
-0.5,681.5
-0.5,680.5
-0.5,679.5
-0.5,678.5
-0.5,677.5
-0.5,676.5
-0.5,675.5
-0.5,674.5
-0.5,673.5
-0.5,672.5
-0.5,671.5
-0.5,670.5
-0.5,669.5
-0.5,668.5
-0.5,667.5
-0.5,666.5
-0.5,665.5
-0.5,664.5
-0.5,663.5
-0.5,662.5
-0.5,661.5
-0.5,660.5
-0.5,659.5
-0.5,658.5
-0.5,657.5
-0.5,656.5
-0.5,655.5
-0.5,654.5
-0.5,653.5
-0.5,652.5
-0.5,651.5
-0.5,650.5
-0.5,649.5
-0.5,648.5
-0.5,647.5
-0.5,646.5
-0.5,645.5
-0.5,644.5
-0.5,643.5
-0.5,642.5
-0.5,641.5
-0.5,640.5
-0.5,639.5
-0.5,638.5
-0.5,637.5
-0.5,636.5
-0.5,635.5
-0.5,634.5
-0.5,633.5
-0.5,632.5
-0.5,631.5
-0.5,630.5
-0.5,629.5
-0.5,628.5
-0.5,627.5
-0.5,626.5
-0.5,625.5
-0.5,624.5
-0.5,623.5
-0.5,622.5
-0.5,621.5
-0.5,620.5
-0.5,619.5
-0.5,618.5
-0.5,617.5
-0.5,616.5
-0.5,615.5
-0.5,614.5
-0.5,613.5
-0.5,612.5
-0.5,611.5
-0.5,610.5
-0.5,609.5
-0.5,608.5
-0.5,607.5
-0.5,606.5
-0.5,605.5
-0.5,604.5
-0.5,603.5
-0.5,602.5
-0.5,601.5
-0.5,600.5
-0.5,599.5
-0.5,598.5
-0.5,597.5
-0.5,596.5
-0.5,595.5
-0.5,594.5
-0.5,593.5
-0.5,592.5
-0.5,591.5
-0.5,590.5
-0.5,589.5
-0.5,588.5
-0.5,587.5
-0.5,586.5
-0.5,585.5
-0.5,584.5
-0.5,583.5
-0.5,582.5
-0.5,581.5
-0.5,580.5
-0.5,579.5
-0.5,578.5
-0.5,577.5
-0.5,576.5
-0.5,575.5
-0.5,574.5
-0.5,573.5
-0.5,572.5
-0.5,571.5
-0.5,570.5
-0.5,569.5
-0.5,568.5
-0.5,567.5
-0.5,566.5
-0.5,565.5
-0.5,564.5
-0.5,563.5
-0.5,562.5
-0.5,561.5
-0.5,560.5
-0.5,559.5
-0.5,558.5
-0.5,557.5
-0.5,556.5
-0.5,555.5
-0.5,554.5
-0.5,553.5
-0.5,552.5
-0.5,551.5
-0.5,550.5
-0.5,549.5
-0.5,548.5
-0.5,547.5
-0.5,546.5
-0.5,545.5
-0.5,544.5
-0.5,543.5
-0.5,542.5
-0.5,541.5
-0.5,540.5
-0.5,539.5
-0.5,538.5
-0.5,537.5
-0.5,536.5
-0.5,535.5
-0.5,534.5
-0.5,533.5
-0.5,532.5
-0.5,531.5
-0.5,530.5
-0.5,529.5
-0.5,528.5
-0.5,527.5
-0.5,526.5
-0.5,525.5
-0.5,524.5
-0.5,523.5
-0.5,522.5
-0.5,521.5
-0.5,520.5
-0.5,519.5
-0.5,518.5
-0.5,517.5
-0.5,516.5
-0.5,515.5
-0.5,514.5
-0.5,513.5
-0.5,512.5
-0.5,511.5
-0.5,510.5
-0.5,509.5
-0.5,508.5
-0.5,507.5
-0.5,506.5
-0.5,505.5
-0.5,504.5
-0.5,503.5
-0.5,502.5
-0.5,501.5
-0.5,500.5
-0.5,499.5
-0.5,498.5
-0.5,497.5
-0.5,496.5
-0.5,495.5
-0.5,494.5
-0.5,493.5
-0.5,492.5
-0.5,491.5
-0.5,490.5
-0.5,489.5
-0.5,488.5
-0.5,487.5
-0.5,486.5
-0.5,485.5
-0.5,484.5
-0.5,483.5
-0.5,482.5
-0.5,481.5
-0.5,480.5
-0.5,479.5
-0.5,478.5
-0.5,477.5
-0.5,476.5
-0.5,475.5
-0.5,474.5
-0.5,473.5
-0.5,472.5
-0.5,471.5
-0.5,470.5
-0.5,469.5
-0.5,468.5
-0.5,467.5
-0.5,466.5
-0.5,465.5
-0.5,464.5
-0.5,463.5
-0.5,462.5
-0.5,461.5
-0.5,460.5
-0.5,459.5
-0.5,458.5
-0.5,457.5
-0.5,456.5
-0.5,455.5
-0.5,454.5
-0.5,453.5
-0.5,452.5
-0.5,451.5
-0.5,450.5
-0.5,449.5
-0.5,448.5
-0.5,447.5
-0.5,446.5
-0.5,445.5
-0.5,444.5
-0.5,443.5
-0.5,442.5
-0.5,441.5
-0.5,440.5
-0.5,439.5
-0.5,438.5
-0.5,437.5
-0.5,436.5
-0.5,435.5
-0.5,434.5
-0.5,433.5
-0.5,432.5
-0.5,431.5
-0.5,430.5
-0.5,429.5
-0.5,428.5
-0.5,427.5
-0.5,426.5
-0.5,425.5
-0.5,424.5
-0.5,423.5
-0.5,422.5
-0.5,421.5
-0.5,420.5
-0.5,419.5
-0.5,418.5
-0.5,417.5
-0.5,416.5
-0.5,415.5
-0.5,414.5
-0.5,413.5
-0.5,412.5
-0.5,411.5
-0.5,410.5
-0.5,409.5
-0.5,408.5
-0.5,407.5
-0.5,406.5
-0.5,405.5
-0.5,404.5
-0.5,403.5
-0.5,402.5
-0.5,401.5
-0.5,400.5
-0.5,399.5
-0.5,398.5
-0.5,397.5
-0.5,396.5
-0.5,395.5
-0.5,394.5
-0.5,393.5
-0.5,392.5
-0.5,391.5
-0.5,390.5
-0.5,389.5
-0.5,388.5
-0.5,387.5
-0.5,386.5
-0.5,385.5
-0.5,384.5
-0.5,383.5
-0.5,382.5
-0.5,381.5
-0.5,380.5
-0.5,379.5
-0.5,378.5
-0.5,377.5
-0.5,376.5
-0.5,375.5
-0.5,374.5
-0.5,373.5
-0.5,372.5
-0.5,371.5
-0.5,370.5
-0.5,369.5
-0.5,368.5
-0.5,367.5
-0.5,366.5
-0.5,365.5
-0.5,364.5
-0.5,363.5
-0.5,362.5
-0.5,361.5
-0.5,360.5
-0.5,359.5
-0.5,358.5
-0.5,357.5
-0.5,356.5
-0.5,355.5
-0.5,354.5
-0.5,353.5
-0.5,352.5
-0.5,351.5
-0.5,350.5
-0.5,349.5
-0.5,348.5
-0.5,347.5
-0.5,346.5
-0.5,345.5
-0.5,344.5
-0.5,343.5
-0.5,342.5
-0.5,341.5
-0.5,340.5
-0.5,339.5
-0.5,338.5
-0.5,337.5
-0.5,336.5
-0.5,335.5
-0.5,334.5
-0.5,333.5
-0.5,332.5
-0.5,331.5
-0.5,330.5
-0.5,329.5
-0.5,328.5
-0.5,327.5
-0.5,326.5
-0.5,325.5
-0.5,324.5
-0.5,323.5
-0.5,322.5
-0.5,321.5
-0.5,320.5
-0.5,319.5
-0.5,318.5
-0.5,317.5
-0.5,316.5
-0.5,315.5
-0.5,314.5
