grid size:4096
selection size:1479408
shape:Utah
shape_type:state
max_x_offset:2824
max_y_offset:2826
vertices
-0.5,153.5
-0.5,152.5
-0.5,151.5
-0.5,150.5
-0.5,149.5
-0.5,148.5
-0.5,147.5
-0.5,146.5
-0.5,145.5
-0.5,144.5
-0.5,143.5
-0.5,142.5
-0.5,141.5
-0.5,140.5
-0.5,139.5
-0.5,138.5
-0.5,137.5
-0.5,136.5
-0.5,135.5
-0.5,134.5
-0.5,133.5
-0.5,132.5
-0.5,131.5
-0.5,130.5
-0.5,129.5
-0.5,128.5
-0.5,127.5
-0.5,126.5
-0.5,125.5
-0.5,124.5
-0.5,123.5
-0.5,122.5
-0.5,121.5
-0.5,120.5
-0.5,119.5
-0.5,118.5
-0.5,117.5
-0.5,116.5
-0.5,115.5
-0.5,114.5
-0.5,113.5
-0.5,112.5
-0.5,111.5
-0.5,110.5
-0.5,109.5
-0.5,108.5
-0.5,107.5
-0.5,106.5
-0.5,105.5
-0.5,104.5
-0.5,103.5
-0.5,102.5
-0.5,101.5
-0.5,100.5
-0.5,99.5
-0.5,98.5
-0.5,97.5
-0.5,96.5
-0.5,95.5
-0.5,94.5
-0.5,93.5
-0.5,92.5
-0.5,91.5
-0.5,90.5
-0.5,89.5
-0.5,88.5
-0.5,87.5
-0.5,86.5
-0.5,85.5
-0.5,84.5
-0.5,83.5
-0.5,82.5
-0.5,81.5
-0.5,80.5
-0.5,79.5
-0.5,78.5
-0.5,77.5
-0.5,76.5
-0.5,75.5
-0.5,74.5
-0.5,73.5
-0.5,72.5
-0.5,71.5
-0.5,70.5
-0.5,69.5
-0.5,68.5
-0.5,67.5
-0.5,66.5
-0.5,65.5
-0.5,64.5
-0.5,63.5
-0.5,62.5
-0.5,61.5
-0.5,60.5
-0.5,59.5
-0.5,58.5
-0.5,57.5
-0.5,56.5
-0.5,55.5
-0.5,54.5
-0.5,53.5
-0.5,52.5
-0.5,51.5
-0.5,50.5
-0.5,49.5
-0.5,48.5
-0.5,47.5
-0.5,46.5
-0.5,45.5
-0.5,44.5
-0.5,43.5
-0.5,42.5
-0.5,41.5
-0.5,40.5
-0.5,39.5
-0.5,38.5
-0.5,37.5
-0.5,36.5
-0.5,35.5
-0.5,34.5
-0.5,33.5
-0.5,32.5
-0.5,31.5
-0.5,30.5
-0.5,29.5
-0.5,28.5
-0.5,27.5
-0.5,26.5
-0.5,25.5
-0.5,24.5
-0.5,23.5
-0.5,22.5
-0.5,21.5
-0.5,20.5
-0.5,19.5
-0.5,18.5
-0.5,17.5
-0.5,16.5
-0.5,15.5
-0.5,14.5
-0.5,13.5
-0.5,12.5
-0.5,11.5
-0.5,10.5
-0.5,9.5
-0.5,8.5
-0.5,7.5
-0.5,6.5
-0.5,5.5
-0.5,4.5
-0.5,3.5
-0.5,2.5
-0.5,1.5
-0.5,0.5
0.5,0.5
1.5,0.5
2.5,0.5
3.5,0.5
4.5,0.5
5.5,0.5
6.5,0.5
7.5,0.5
8.5,0.5
9.5,0.5
10.5,0.5
11.5,0.5
12.5,0.5
13.5,0.5
14.5,0.5
15.5,0.5
16.5,0.5
17.5,0.5
18.5,0.5
19.5,0.5
20.5,0.5
21.5,0.5
22.5,0.5
23.5,0.5
24.5,0.5
25.5,0.5
26.5,0.5
27.5,0.5
28.5,0.5
29.5,0.5
30.5,0.5
31.5,0.5
32.5,0.5
33.5,0.5
34.5,0.5
35.5,0.5
36.5,0.5
37.5,0.5
38.5,0.5
39.5,0.5
40.5,0.5
41.5,0.5
42.5,0.5
43.5,0.5
44.5,0.5
45.5,0.5
46.5,0.5
47.5,0.5
48.5,0.5
49.5,0.5
50.5,0.5
51.5,0.5
52.5,0.5
53.5,0.5
54.5,0.5
55.5,0.5
56.5,0.5
57.5,0.5
58.5,0.5
59.5,0.5
60.5,0.5
61.5,0.5
62.5,0.5
63.5,0.5
64.5,0.5
65.5,0.5
66.5,0.5
67.5,0.5
68.5,0.5
69.5,0.5
70.5,0.5
71.5,0.5
72.5,0.5
73.5,0.5
74.5,0.5
75.5,0.5
76.5,0.5
77.5,0.5
78.5,0.5
79.5,0.5
80.5,0.5
81.5,0.5
82.5,0.5
83.5,0.5
84.5,0.5
85.5,0.5
86.5,0.5
87.5,0.5
88.5,0.5
89.5,0.5
90.5,0.5
91.5,0.5
92.5,0.5
93.5,0.5
94.5,0.5
95.5,0.5
96.5,0.5
97.5,0.5
98.5,0.5
99.5,0.5
100.5,0.5
101.5,0.5
102.5,0.5
103.5,0.5
104.5,0.5
105.5,0.5
106.5,0.5
107.5,0.5
108.5,0.5
109.5,0.5
110.5,0.5
111.5,0.5
112.5,0.5
113.5,0.5
114.5,0.5
115.5,0.5
116.5,0.5
117.5,0.5
118.5,0.5
119.5,0.5
120.5,0.5
121.5,0.5
122.5,0.5
123.5,0.5
124.5,0.5
125.5,0.5
126.5,0.5
127.5,0.5
128.5,0.5
129.5,0.5
130.5,0.5
131.5,0.5
132.5,0.5
133.5,0.5
134.5,0.5
135.5,0.5
136.5,0.5
137.5,0.5
138.5,0.5
139.5,0.5
140.5,0.5
141.5,0.5
142.5,0.5
143.5,0.5
144.5,0.5
145.5,0.5
146.5,0.5
147.5,0.5
148.5,0.5
149.5,0.5
150.5,0.5
151.5,0.5
152.5,0.5
153.5,0.5
154.5,0.5
155.5,0.5
156.5,0.5
157.5,0.5
158.5,0.5
159.5,0.5
160.5,0.5
161.5,0.5
162.5,0.5
163.5,0.5
164.5,0.5
165.5,0.5
166.5,0.5
167.5,0.5
168.5,0.5
169.5,0.5
170.5,0.5
171.5,0.5
172.5,0.5
173.5,0.5
174.5,0.5
175.5,0.5
176.5,0.5
177.5,0.5
178.5,0.5
179.5,0.5
180.5,0.5
181.5,0.5
182.5,0.5
183.5,0.5
184.5,0.5
185.5,0.5
186.5,0.5
187.5,0.5
188.5,0.5
189.5,0.5
190.5,0.5
191.5,0.5
192.5,0.5
193.5,0.5
194.5,0.5
195.5,0.5
196.5,0.5
197.5,0.5
198.5,0.5
199.5,0.5
200.5,0.5
201.5,0.5
202.5,0.5
203.5,0.5
204.5,0.5
205.5,0.5
206.5,0.5
207.5,0.5
208.5,0.5
209.5,0.5
210.5,0.5
211.5,0.5
212.5,0.5
213.5,0.5
214.5,0.5
215.5,0.5
216.5,0.5
217.5,0.5
218.5,0.5
219.5,0.5
220.5,0.5
221.5,0.5
222.5,0.5
223.5,0.5
224.5,0.5
225.5,0.5
226.5,0.5
227.5,0.5
228.5,0.5
229.5,0.5
230.5,0.5
231.5,0.5
232.5,0.5
233.5,0.5
234.5,0.5
235.5,0.5
236.5,0.5
237.5,0.5
238.5,0.5
239.5,0.5
240.5,0.5
241.5,0.5
242.5,0.5
243.5,0.5
244.5,0.5
245.5,0.5
246.5,0.5
247.5,0.5
248.5,0.5
249.5,0.5
250.5,0.5
251.5,0.5
252.5,0.5
253.5,0.5
254.5,0.5
255.5,0.5
256.5,0.5
257.5,0.5
258.5,0.5
259.5,0.5
260.5,0.5
261.5,0.5
262.5,0.5
263.5,0.5
264.5,0.5
265.5,0.5
266.5,0.5
267.5,0.5
268.5,0.5
269.5,0.5
270.5,0.5
271.5,0.5
272.5,0.5
273.5,0.5
274.5,0.5
275.5,0.5
276.5,0.5
277.5,0.5
278.5,0.5
279.5,0.5
280.5,0.5
281.5,0.5
282.5,0.5
283.5,0.5
284.5,0.5
285.5,0.5
286.5,0.5
287.5,0.5
288.5,0.5
289.5,0.5
290.5,0.5
291.5,0.5
292.5,0.5
293.5,0.5
294.5,0.5
295.5,0.5
296.5,0.5
297.5,0.5
298.5,0.5
299.5,0.5
300.5,0.5
301.5,0.5
302.5,0.5
303.5,0.5
304.5,0.5
305.5,0.5
306.5,0.5
307.5,0.5
308.5,0.5
309.5,0.5
310.5,0.5
311.5,0.5
312.5,0.5
313.5,0.5
314.5,0.5
315.5,0.5
316.5,0.5
317.5,0.5
318.5,0.5
319.5,0.5
320.5,0.5
321.5,0.5
322.5,0.5
323.5,0.5
324.5,0.5
325.5,0.5
326.5,0.5
327.5,0.5
328.5,0.5
329.5,0.5
330.5,0.5
331.5,0.5
332.5,0.5
333.5,0.5
334.5,0.5
335.5,0.5
336.5,0.5
337.5,0.5
338.5,0.5
339.5,0.5
340.5,0.5
341.5,0.5
342.5,0.5
343.5,0.5
344.5,0.5
345.5,0.5
346.5,0.5
347.5,0.5
348.5,0.5
349.5,0.5
350.5,0.5
351.5,0.5
352.5,0.5
353.5,0.5
354.5,0.5
355.5,0.5
356.5,0.5
357.5,0.5
358.5,0.5
359.5,0.5
360.5,0.5
361.5,0.5
362.5,0.5
363.5,0.5
364.5,0.5
365.5,0.5
366.5,0.5
367.5,0.5
368.5,0.5
369.5,0.5
370.5,0.5
371.5,0.5
372.5,0.5
373.5,0.5
374.5,0.5
375.5,0.5
376.5,0.5
377.5,0.5
378.5,0.5
379.5,0.5
380.5,0.5
381.5,0.5
382.5,0.5
383.5,0.5
384.5,0.5
385.5,0.5
386.5,0.5
387.5,0.5
388.5,0.5
389.5,0.5
390.5,0.5
391.5,0.5
392.5,0.5
393.5,0.5
394.5,0.5
395.5,0.5
396.5,0.5
397.5,0.5
398.5,0.5
399.5,0.5
400.5,0.5
401.5,0.5
402.5,0.5
403.5,0.5
404.5,0.5
405.5,0.5
406.5,0.5
407.5,0.5
408.5,0.5
409.5,0.5
410.5,0.5
411.5,0.5
412.5,0.5
413.5,0.5
414.5,0.5
415.5,0.5
416.5,0.5
417.5,0.5
418.5,0.5
419.5,0.5
420.5,0.5
421.5,0.5
422.5,0.5
423.5,0.5
424.5,0.5
425.5,0.5
426.5,0.5
427.5,0.5
428.5,0.5
429.5,0.5
430.5,0.5
431.5,0.5
432.5,0.5
433.5,0.5
434.5,0.5
435.5,0.5
436.5,0.5
437.5,0.5
438.5,0.5
439.5,0.5
440.5,0.5
441.5,0.5
442.5,0.5
443.5,0.5
444.5,0.5
445.5,0.5
446.5,0.5
447.5,0.5
448.5,0.5
449.5,0.5
450.5,0.5
451.5,0.5
452.5,0.5
453.5,0.5
454.5,0.5
455.5,0.5
456.5,0.5
457.5,0.5
458.5,0.5
459.5,0.5
460.5,0.5
461.5,0.5
462.5,0.5
463.5,0.5
464.5,0.5
465.5,0.5
466.5,0.5
467.5,0.5
468.5,0.5
469.5,0.5
470.5,0.5
471.5,0.5
472.5,0.5
473.5,0.5
474.5,0.5
475.5,0.5
476.5,0.5
477.5,0.5
478.5,0.5
479.5,0.5
480.5,0.5
481.5,0.5
482.5,0.5
483.5,0.5
484.5,0.5
485.5,0.5
486.5,0.5
487.5,0.5
488.5,0.5
489.5,0.5
490.5,0.5
491.5,0.5
492.5,0.5
493.5,0.5
494.5,0.5
495.5,0.5
496.5,0.5
497.5,0.5
498.5,0.5
499.5,0.5
500.5,0.5
501.5,0.5
502.5,0.5
503.5,0.5
504.5,0.5
505.5,0.5
506.5,0.5
507.5,0.5
508.5,0.5
509.5,0.5
510.5,0.5
511.5,0.5
512.5,0.5
513.5,0.5
514.5,0.5
515.5,0.5
516.5,0.5
517.5,0.5
518.5,0.5
519.5,0.5
520.5,0.5
521.5,0.5
522.5,0.5
523.5,0.5
524.5,0.5
525.5,0.5
526.5,0.5
527.5,0.5
528.5,0.5
529.5,0.5
530.5,0.5
531.5,0.5
532.5,0.5
533.5,0.5
534.5,0.5
535.5,0.5
536.5,0.5
537.5,0.5
538.5,0.5
539.5,0.5
540.5,0.5
541.5,0.5
542.5,0.5
543.5,0.5
544.5,0.5
545.5,0.5
546.5,0.5
547.5,0.5
548.5,0.5
549.5,0.5
550.5,0.5
551.5,0.5
552.5,0.5
553.5,0.5
554.5,0.5
555.5,0.5
556.5,0.5
557.5,0.5
558.5,0.5
559.5,0.5
560.5,0.5
561.5,0.5
562.5,0.5
563.5,0.5
564.5,0.5
565.5,0.5
566.5,0.5
567.5,0.5
568.5,0.5
569.5,0.5
570.5,0.5
571.5,0.5
572.5,0.5
573.5,0.5
574.5,0.5
575.5,0.5
576.5,0.5
577.5,0.5
578.5,0.5
579.5,0.5
580.5,0.5
581.5,0.5
582.5,0.5
583.5,0.5
584.5,0.5
585.5,0.5
586.5,0.5
587.5,0.5
588.5,0.5
589.5,0.5
590.5,0.5
591.5,0.5
592.5,0.5
593.5,0.5
594.5,0.5
595.5,0.5
596.5,0.5
597.5,0.5
598.5,0.5
599.5,0.5
600.5,0.5
601.5,0.5
602.5,0.5
603.5,0.5
604.5,0.5
605.5,0.5
606.5,0.5
607.5,0.5
608.5,0.5
609.5,0.5
610.5,0.5
611.5,0.5
612.5,0.5
613.5,0.5
614.5,0.5
615.5,0.5
616.5,0.5
617.5,0.5
618.5,0.5
619.5,0.5
620.5,0.5
621.5,0.5
622.5,0.5
623.5,0.5
624.5,0.5
625.5,0.5
626.5,0.5
627.5,0.5
628.5,0.5
629.5,0.5
630.5,0.5
631.5,0.5
632.5,0.5
633.5,0.5
634.5,0.5
635.5,0.5
636.5,0.5
637.5,0.5
638.5,0.5
639.5,0.5
640.5,0.5
641.5,0.5
642.5,0.5
643.5,0.5
644.5,0.5
645.5,0.5
646.5,0.5
647.5,0.5
648.5,0.5
649.5,0.5
650.5,0.5
651.5,0.5
652.5,0.5
653.5,0.5
654.5,0.5
655.5,0.5
656.5,0.5
657.5,0.5
658.5,0.5
659.5,0.5
660.5,0.5
661.5,0.5
662.5,0.5
663.5,0.5
664.5,0.5
665.5,0.5
666.5,0.5
667.5,0.5
668.5,0.5
669.5,0.5
670.5,0.5
671.5,0.5
672.5,0.5
673.5,0.5
674.5,0.5
675.5,0.5
676.5,0.5
677.5,0.5
678.5,0.5
679.5,0.5
680.5,0.5
681.5,0.5
682.5,0.5
683.5,0.5
684.5,0.5
685.5,0.5
686.5,0.5
687.5,0.5
688.5,0.5
689.5,0.5
690.5,0.5
691.5,0.5
692.5,0.5
693.5,0.5
694.5,0.5
695.5,0.5
696.5,0.5
697.5,0.5
698.5,0.5
699.5,0.5
700.5,0.5
701.5,0.5
702.5,0.5
703.5,0.5
704.5,0.5
705.5,0.5
706.5,0.5
707.5,0.5
708.5,0.5
709.5,0.5
710.5,0.5
711.5,0.5
712.5,0.5
713.5,0.5
714.5,0.5
715.5,0.5
716.5,0.5
717.5,0.5
718.5,0.5
719.5,0.5
720.5,0.5
721.5,0.5
722.5,0.5
723.5,0.5
724.5,0.5
725.5,0.5
726.5,0.5
727.5,0.5
728.5,0.5
729.5,0.5
730.5,0.5
731.5,0.5
732.5,0.5
733.5,0.5
734.5,0.5
735.5,0.5
736.5,0.5
737.5,0.5
738.5,0.5
739.5,0.5
740.5,0.5
741.5,0.5
742.5,0.5
743.5,0.5
744.5,0.5
745.5,0.5
746.5,0.5
747.5,0.5
748.5,0.5
749.5,0.5
750.5,0.5
751.5,0.5
752.5,0.5
753.5,0.5
754.5,0.5
755.5,0.5
756.5,0.5
757.5,0.5
758.5,0.5
759.5,0.5
760.5,0.5
761.5,0.5
762.5,0.5
763.5,0.5
764.5,0.5
765.5,0.5
766.5,0.5
767.5,0.5
768.5,0.5
769.5,0.5
770.5,0.5
771.5,0.5
772.5,0.5
773.5,0.5
774.5,0.5
775.5,0.5
776.5,0.5
777.5,0.5
778.5,0.5
779.5,0.5
780.5,0.5
781.5,0.5
782.5,0.5
783.5,0.5
784.5,0.5
785.5,0.5
786.5,0.5
787.5,0.5
788.5,0.5
789.5,0.5
790.5,0.5
791.5,0.5
792.5,0.5
793.5,0.5
794.5,0.5
795.5,0.5
796.5,0.5
797.5,0.5
798.5,0.5
799.5,0.5
800.5,0.5
801.5,0.5
802.5,0.5
803.5,0.5
804.5,0.5
805.5,0.5
806.5,0.5
807.5,0.5
808.5,0.5
809.5,0.5
810.5,0.5
811.5,0.5
812.5,0.5
813.5,0.5
814.5,0.5
815.5,0.5
816.5,0.5
817.5,0.5
818.5,0.5
819.5,0.5
820.5,0.5
821.5,0.5
822.5,0.5
823.5,0.5
824.5,0.5
825.5,0.5
826.5,0.5
827.5,0.5
828.5,0.5
829.5,0.5
830.5,0.5
831.5,0.5
832.5,0.5
833.5,0.5
834.5,0.5
835.5,0.5
836.5,0.5
837.5,0.5
838.5,0.5
839.5,0.5
840.5,0.5
841.5,0.5
842.5,0.5
843.5,0.5
844.5,0.5
845.5,0.5
846.5,0.5
847.5,0.5
848.5,0.5
849.5,0.5
850.5,0.5
851.5,0.5
852.5,0.5
853.5,0.5
854.5,0.5
855.5,0.5
856.5,0.5
857.5,0.5
858.5,0.5
859.5,0.5
860.5,0.5
861.5,0.5
862.5,0.5
863.5,0.5
864.5,0.5
865.5,0.5
866.5,0.5
867.5,0.5
868.5,0.5
869.5,0.5
870.5,0.5
871.5,0.5
872.5,0.5
873.5,0.5
874.5,0.5
875.5,0.5
876.5,0.5
877.5,0.5
878.5,0.5
879.5,0.5
880.5,0.5
881.5,0.5
882.5,0.5
883.5,0.5
884.5,0.5
885.5,0.5
886.5,0.5
887.5,0.5
888.5,0.5
889.5,0.5
890.5,0.5
891.5,0.5
892.5,0.5
893.5,0.5
894.5,0.5
895.5,0.5
896.5,0.5
897.5,0.5
898.5,0.5
899.5,0.5
899.5,1.5
900.5,1.5
901.5,1.5
902.5,1.5
902.5,0.5
903.5,0.5
904.5,0.5
905.5,0.5
906.5,0.5
907.5,0.5
907.5,-0.5
908.5,-0.5
909.5,-0.5
910.5,-0.5
911.5,-0.5
912.5,-0.5
913.5,-0.5
914.5,-0.5
915.5,-0.5
916.5,-0.5
917.5,-0.5
918.5,-0.5
919.5,-0.5
920.5,-0.5
921.5,-0.5
922.5,-0.5
923.5,-0.5
924.5,-0.5
925.5,-0.5
926.5,-0.5
927.5,-0.5
928.5,-0.5
929.5,-0.5
930.5,-0.5
931.5,-0.5
932.5,-0.5
933.5,-0.5
934.5,-0.5
935.5,-0.5
936.5,-0.5
937.5,-0.5
938.5,-0.5
939.5,-0.5
940.5,-0.5
941.5,-0.5
942.5,-0.5
943.5,-0.5
944.5,-0.5
945.5,-0.5
946.5,-0.5
947.5,-0.5
948.5,-0.5
949.5,-0.5
950.5,-0.5
951.5,-0.5
952.5,-0.5
953.5,-0.5
954.5,-0.5
955.5,-0.5
956.5,-0.5
957.5,-0.5
958.5,-0.5
959.5,-0.5
960.5,-0.5
961.5,-0.5
962.5,-0.5
963.5,-0.5
964.5,-0.5
965.5,-0.5
966.5,-0.5
967.5,-0.5
968.5,-0.5
969.5,-0.5
970.5,-0.5
971.5,-0.5
972.5,-0.5
973.5,-0.5
974.5,-0.5
975.5,-0.5
976.5,-0.5
977.5,-0.5
978.5,-0.5
979.5,-0.5
980.5,-0.5
981.5,-0.5
982.5,-0.5
983.5,-0.5
984.5,-0.5
985.5,-0.5
986.5,-0.5
987.5,-0.5
988.5,-0.5
989.5,-0.5
990.5,-0.5
991.5,-0.5
992.5,-0.5
993.5,-0.5
994.5,-0.5
995.5,-0.5
996.5,-0.5
997.5,-0.5
998.5,-0.5
999.5,-0.5
1000.5,-0.5
1001.5,-0.5
1002.5,-0.5
1003.5,-0.5
1004.5,-0.5
1005.5,-0.5
1006.5,-0.5
1007.5,-0.5
1008.5,-0.5
1009.5,-0.5
1010.5,-0.5
1011.5,-0.5
1012.5,-0.5
1013.5,-0.5
1014.5,-0.5
1015.5,-0.5
1016.5,-0.5
1017.5,-0.5
1018.5,-0.5
1019.5,-0.5
1020.5,-0.5
1021.5,-0.5
1022.5,-0.5
1023.5,-0.5
1024.5,-0.5
1025.5,-0.5
1026.5,-0.5
1027.5,-0.5
1028.5,-0.5
1029.5,-0.5
1030.5,-0.5
1031.5,-0.5
1032.5,-0.5
1033.5,-0.5
1034.5,-0.5
1035.5,-0.5
1036.5,-0.5
1037.5,-0.5
1038.5,-0.5
1039.5,-0.5
1040.5,-0.5
1041.5,-0.5
1042.5,-0.5
1043.5,-0.5
1044.5,-0.5
1045.5,-0.5
1046.5,-0.5
1047.5,-0.5
1048.5,-0.5
1049.5,-0.5
1050.5,-0.5
1051.5,-0.5
1052.5,-0.5
1053.5,-0.5
1054.5,-0.5
1055.5,-0.5
1056.5,-0.5
1057.5,-0.5
1058.5,-0.5
1059.5,-0.5
1060.5,-0.5
1061.5,-0.5
1062.5,-0.5
1063.5,-0.5
1064.5,-0.5
1065.5,-0.5
1066.5,-0.5
1067.5,-0.5
1068.5,-0.5
1069.5,-0.5
1070.5,-0.5
1071.5,-0.5
1072.5,-0.5
1073.5,-0.5
1074.5,-0.5
1075.5,-0.5
1076.5,-0.5
1077.5,-0.5
1078.5,-0.5
1079.5,-0.5
1080.5,-0.5
1081.5,-0.5
1082.5,-0.5
1083.5,-0.5
1084.5,-0.5
1085.5,-0.5
1086.5,-0.5
1087.5,-0.5
1088.5,-0.5
1089.5,-0.5
1090.5,-0.5
1091.5,-0.5
1092.5,-0.5
1093.5,-0.5
1094.5,-0.5
1095.5,-0.5
1096.5,-0.5
1097.5,-0.5
1098.5,-0.5
1099.5,-0.5
1100.5,-0.5
1101.5,-0.5
1102.5,-0.5
1103.5,-0.5
1104.5,-0.5
1105.5,-0.5
1106.5,-0.5
1107.5,-0.5
1108.5,-0.5
1109.5,-0.5
1110.5,-0.5
1111.5,-0.5
1112.5,-0.5
1113.5,-0.5
1114.5,-0.5
1115.5,-0.5
1116.5,-0.5
1117.5,-0.5
1118.5,-0.5
1119.5,-0.5
1120.5,-0.5
1121.5,-0.5
1122.5,-0.5
1123.5,-0.5
1124.5,-0.5
1125.5,-0.5
1126.5,-0.5
1127.5,-0.5
1128.5,-0.5
1129.5,-0.5
1130.5,-0.5
1131.5,-0.5
1132.5,-0.5
1133.5,-0.5
1134.5,-0.5
1135.5,-0.5
1136.5,-0.5
1137.5,-0.5
1138.5,-0.5
1139.5,-0.5
1140.5,-0.5
1141.5,-0.5
1142.5,-0.5
1143.5,-0.5
1144.5,-0.5
1145.5,-0.5
1146.5,-0.5
1147.5,-0.5
1148.5,-0.5
1149.5,-0.5
1150.5,-0.5
1151.5,-0.5
1152.5,-0.5
1153.5,-0.5
1154.5,-0.5
1155.5,-0.5
1156.5,-0.5
1157.5,-0.5
1158.5,-0.5
1159.5,-0.5
1160.5,-0.5
1161.5,-0.5
1162.5,-0.5
1163.5,-0.5
1164.5,-0.5
1165.5,-0.5
1166.5,-0.5
1167.5,-0.5
1168.5,-0.5
1169.5,-0.5
1170.5,-0.5
1171.5,-0.5
1172.5,-0.5
1173.5,-0.5
1174.5,-0.5
1175.5,-0.5
1176.5,-0.5
1177.5,-0.5
1178.5,-0.5
1179.5,-0.5
1180.5,-0.5
1181.5,-0.5
1182.5,-0.5
1183.5,-0.5
1184.5,-0.5
1185.5,-0.5
1186.5,-0.5
1187.5,-0.5
1188.5,-0.5
1189.5,-0.5
1190.5,-0.5
1191.5,-0.5
1192.5,-0.5
1193.5,-0.5
1194.5,-0.5
1195.5,-0.5
1196.5,-0.5
1197.5,-0.5
1198.5,-0.5
1199.5,-0.5
1200.5,-0.5
1201.5,-0.5
1202.5,-0.5
1203.5,-0.5
1204.5,-0.5
1205.5,-0.5
1206.5,-0.5
1207.5,-0.5
1208.5,-0.5
1209.5,-0.5
1210.5,-0.5
1211.5,-0.5
1212.5,-0.5
1213.5,-0.5
1214.5,-0.5
1215.5,-0.5
1216.5,-0.5
1217.5,-0.5
1218.5,-0.5
1219.5,-0.5
1220.5,-0.5
1221.5,-0.5
1222.5,-0.5
1223.5,-0.5
1224.5,-0.5
1225.5,-0.5
1226.5,-0.5
1227.5,-0.5
1228.5,-0.5
1229.5,-0.5
1230.5,-0.5
1231.5,-0.5
1232.5,-0.5
1233.5,-0.5
1234.5,-0.5
1235.5,-0.5
1236.5,-0.5
1237.5,-0.5
1238.5,-0.5
1239.5,-0.5
1240.5,-0.5
1241.5,-0.5
1242.5,-0.5
1243.5,-0.5
1244.5,-0.5
1245.5,-0.5
1246.5,-0.5
1247.5,-0.5
1248.5,-0.5
1249.5,-0.5
1250.5,-0.5
1251.5,-0.5
1252.5,-0.5
1253.5,-0.5
1254.5,-0.5
1255.5,-0.5
1256.5,-0.5
1257.5,-0.5
1258.5,-0.5
1259.5,-0.5
1260.5,-0.5
1261.5,-0.5
1262.5,-0.5
1263.5,-0.5
1264.5,-0.5
1265.5,-0.5
1266.5,-0.5
1267.5,-0.5
1268.5,-0.5
1269.5,-0.5
1270.5,-0.5
1270.5,0.5
1270.5,1.5
1270.5,2.5
1270.5,3.5
1270.5,4.5
1270.5,5.5
1270.5,6.5
1270.5,7.5
1270.5,8.5
1270.5,9.5
1270.5,10.5
1270.5,11.5
1270.5,12.5
1270.5,13.5
1270.5,14.5
1270.5,15.5
1270.5,16.5
1270.5,17.5
1270.5,18.5
1270.5,19.5
1270.5,20.5
1270.5,21.5
1270.5,22.5
1270.5,23.5
1270.5,24.5
1270.5,25.5
1270.5,26.5
1270.5,27.5
1270.5,28.5
1270.5,29.5
1270.5,30.5
1270.5,31.5
1270.5,32.5
1270.5,33.5
1270.5,34.5
1270.5,35.5
1270.5,36.5
1270.5,37.5
1270.5,38.5
1270.5,39.5
1270.5,40.5
1270.5,41.5
1270.5,42.5
1270.5,43.5
1270.5,44.5
1270.5,45.5
1270.5,46.5
1270.5,47.5
1270.5,48.5
1270.5,49.5
1270.5,50.5
1270.5,51.5
1270.5,52.5
1270.5,53.5
1270.5,54.5
1270.5,55.5
1270.5,56.5
1270.5,57.5
1270.5,58.5
1270.5,59.5
1270.5,60.5
1270.5,61.5
1270.5,62.5
1270.5,63.5
1270.5,64.5
1270.5,65.5
1270.5,66.5
1270.5,67.5
1270.5,68.5
1270.5,69.5
1270.5,70.5
1270.5,71.5
1270.5,72.5
1270.5,73.5
1270.5,74.5
1270.5,75.5
1270.5,76.5
1270.5,77.5
1270.5,78.5
1270.5,79.5
1270.5,80.5
1270.5,81.5
1270.5,82.5
1270.5,83.5
1270.5,84.5
1270.5,85.5
1270.5,86.5
1270.5,87.5
1270.5,88.5
1270.5,89.5
1270.5,90.5
1270.5,91.5
1270.5,92.5
1270.5,93.5
1270.5,94.5
1270.5,95.5
1270.5,96.5
1270.5,97.5
1270.5,98.5
1270.5,99.5
1270.5,100.5
1270.5,101.5
1270.5,102.5
1270.5,103.5
1270.5,104.5
1270.5,105.5
1270.5,106.5
1270.5,107.5
1270.5,108.5
1270.5,109.5
1270.5,110.5
1270.5,111.5
1270.5,112.5
1270.5,113.5
1270.5,114.5
1270.5,115.5
1270.5,116.5
1270.5,117.5
1270.5,118.5
1270.5,119.5
1270.5,120.5
1270.5,121.5
1270.5,122.5
1270.5,123.5
1270.5,124.5
1270.5,125.5
1270.5,126.5
1270.5,127.5
1270.5,128.5
1270.5,129.5
1270.5,130.5
1270.5,131.5
1270.5,132.5
1270.5,133.5
1270.5,134.5
1271.5,134.5
1271.5,135.5
1271.5,136.5
1271.5,137.5
1271.5,138.5
1271.5,139.5
1271.5,140.5
1271.5,141.5
1271.5,142.5
1271.5,143.5
1271.5,144.5
1271.5,145.5
1271.5,146.5
1271.5,147.5
1271.5,148.5
1271.5,149.5
1271.5,150.5
1271.5,151.5
1271.5,152.5
1271.5,153.5
1271.5,154.5
1271.5,155.5
1271.5,156.5
1270.5,156.5
1270.5,157.5
1270.5,158.5
1271.5,158.5
1271.5,159.5
1271.5,160.5
1271.5,161.5
1271.5,162.5
1271.5,163.5
1271.5,164.5
1271.5,165.5
1271.5,166.5
1271.5,167.5
1271.5,168.5
1271.5,169.5
1270.5,169.5
1270.5,170.5
1270.5,171.5
1270.5,172.5
1270.5,173.5
1270.5,174.5
1270.5,175.5
1270.5,176.5
1270.5,177.5
1270.5,178.5
1270.5,179.5
1270.5,180.5
1271.5,180.5
1271.5,181.5
1271.5,182.5
1271.5,183.5
1271.5,184.5
1271.5,185.5
1271.5,186.5
1271.5,187.5
1271.5,188.5
1271.5,189.5
1271.5,190.5
1271.5,191.5
1271.5,192.5
1271.5,193.5
1271.5,194.5
1271.5,195.5
1271.5,196.5
1271.5,197.5
1271.5,198.5
1271.5,199.5
1271.5,200.5
1271.5,201.5
1271.5,202.5
1271.5,203.5
1271.5,204.5
1271.5,205.5
1271.5,206.5
1271.5,207.5
1271.5,208.5
1271.5,209.5
1271.5,210.5
1271.5,211.5
1271.5,212.5
1271.5,213.5
1271.5,214.5
1271.5,215.5
1271.5,216.5
1271.5,217.5
1271.5,218.5
1271.5,219.5
1271.5,220.5
1271.5,221.5
1271.5,222.5
1271.5,223.5
1271.5,224.5
1271.5,225.5
1271.5,226.5
1271.5,227.5
1271.5,228.5
1271.5,229.5
1271.5,230.5
1271.5,231.5
1271.5,232.5
1271.5,233.5
1271.5,234.5
1271.5,235.5
1271.5,236.5
1271.5,237.5
1271.5,238.5
1271.5,239.5
1271.5,240.5
1271.5,241.5
1271.5,242.5
1271.5,243.5
1271.5,244.5
1271.5,245.5
1271.5,246.5
1271.5,247.5
1270.5,247.5
1270.5,248.5
1270.5,249.5
1270.5,250.5
1270.5,251.5
1270.5,252.5
1270.5,253.5
1270.5,254.5
1270.5,255.5
1270.5,256.5
1270.5,257.5
1270.5,258.5
1270.5,259.5
1270.5,260.5
1270.5,261.5
1270.5,262.5
1270.5,263.5
1270.5,264.5
1270.5,265.5
1270.5,266.5
1270.5,267.5
1270.5,268.5
1270.5,269.5
1270.5,270.5
1270.5,271.5
1270.5,272.5
1270.5,273.5
1270.5,274.5
1270.5,275.5
1270.5,276.5
1270.5,277.5
1270.5,278.5
1270.5,279.5
1270.5,280.5
1270.5,281.5
1270.5,282.5
1270.5,283.5
1270.5,284.5
1270.5,285.5
1270.5,286.5
1270.5,287.5
1270.5,288.5
1270.5,289.5
1270.5,290.5
1270.5,291.5
1270.5,292.5
1271.5,292.5
1271.5,293.5
1271.5,294.5
1271.5,295.5
1271.5,296.5
1271.5,297.5
1271.5,298.5
1271.5,299.5
1271.5,300.5
1271.5,301.5
1271.5,302.5
1271.5,303.5
1271.5,304.5
1271.5,305.5
1271.5,306.5
1271.5,307.5
1271.5,308.5
1271.5,309.5
1271.5,310.5
1271.5,311.5
1271.5,312.5
1270.5,312.5
1270.5,313.5
1269.5,313.5
1269.5,314.5
1268.5,314.5
1268.5,315.5
1267.5,315.5
1267.5,316.5
1267.5,317.5
1267.5,318.5
1267.5,319.5
1267.5,320.5
1267.5,321.5
1267.5,322.5
1267.5,323.5
1266.5,323.5
1266.5,324.5
1266.5,325.5
1266.5,326.5
1266.5,327.5
1266.5,328.5
1266.5,329.5
1266.5,330.5
1266.5,331.5
1266.5,332.5
1266.5,333.5
1266.5,334.5
1266.5,335.5
1266.5,336.5
1266.5,337.5
1266.5,338.5
1266.5,339.5
1266.5,340.5
1266.5,341.5
1266.5,342.5
1266.5,343.5
1266.5,344.5
1266.5,345.5
1266.5,346.5
1266.5,347.5
1266.5,348.5
1266.5,349.5
1266.5,350.5
1266.5,351.5
1266.5,352.5
1266.5,353.5
1266.5,354.5
1266.5,355.5
1266.5,356.5
1266.5,357.5
1266.5,358.5
1266.5,359.5
1266.5,360.5
1266.5,361.5
1266.5,362.5
1266.5,363.5
1266.5,364.5
1266.5,365.5
1266.5,366.5
1266.5,367.5
1266.5,368.5
1266.5,369.5
1266.5,370.5
1266.5,371.5
1266.5,372.5
1266.5,373.5
1266.5,374.5
1266.5,375.5
1266.5,376.5
1266.5,377.5
1266.5,378.5
1266.5,379.5
1266.5,380.5
1266.5,381.5
1266.5,382.5
1266.5,383.5
1266.5,384.5
1266.5,385.5
1266.5,386.5
1266.5,387.5
1266.5,388.5
1266.5,389.5
1266.5,390.5
1266.5,391.5
1266.5,392.5
1266.5,393.5
1266.5,394.5
1266.5,395.5
1266.5,396.5
1266.5,397.5
1266.5,398.5
1266.5,399.5
1266.5,400.5
1266.5,401.5
1266.5,402.5
1266.5,403.5
1266.5,404.5
1266.5,405.5
1266.5,406.5
1266.5,407.5
1266.5,408.5
1266.5,409.5
1266.5,410.5
1266.5,411.5
1266.5,412.5
1266.5,413.5
1266.5,414.5
1266.5,415.5
1266.5,416.5
1266.5,417.5
1266.5,418.5
1266.5,419.5
1266.5,420.5
1266.5,421.5
1266.5,422.5
1266.5,423.5
1266.5,424.5
1266.5,425.5
1266.5,426.5
1266.5,427.5
1266.5,428.5
1266.5,429.5
1266.5,430.5
1266.5,431.5
1266.5,432.5
1266.5,433.5
1266.5,434.5
1266.5,435.5
1266.5,436.5
1266.5,437.5
1266.5,438.5
1266.5,439.5
1266.5,440.5
1266.5,441.5
1266.5,442.5
1266.5,443.5
1266.5,444.5
1266.5,445.5
1266.5,446.5
1266.5,447.5
1266.5,448.5
1266.5,449.5
1266.5,450.5
1266.5,451.5
1266.5,452.5
1266.5,453.5
1266.5,454.5
1266.5,455.5
1267.5,455.5
1267.5,456.5
1267.5,457.5
1267.5,458.5
1267.5,459.5
1267.5,460.5
1267.5,461.5
1267.5,462.5
1267.5,463.5
1267.5,464.5
1267.5,465.5
1267.5,466.5
1267.5,467.5
1267.5,468.5
1267.5,469.5
1267.5,470.5
1267.5,471.5
1267.5,472.5
1267.5,473.5
1267.5,474.5
1267.5,475.5
1267.5,476.5
1267.5,477.5
1267.5,478.5
1267.5,479.5
1267.5,480.5
1267.5,481.5
1267.5,482.5
1267.5,483.5
1268.5,483.5
1268.5,484.5
1268.5,485.5
1268.5,486.5
1268.5,487.5
1268.5,488.5
1268.5,489.5
1268.5,490.5
1268.5,491.5
1268.5,492.5
1268.5,493.5
1268.5,494.5
1268.5,495.5
1268.5,496.5
1268.5,497.5
1268.5,498.5
1268.5,499.5
1268.5,500.5
1268.5,501.5
1268.5,502.5
1268.5,503.5
1268.5,504.5
1268.5,505.5
1268.5,506.5
1268.5,507.5
1268.5,508.5
1268.5,509.5
1268.5,510.5
1268.5,511.5
1268.5,512.5
1268.5,513.5
1268.5,514.5
1268.5,515.5
1268.5,516.5
1268.5,517.5
1268.5,518.5
1268.5,519.5
1268.5,520.5
1268.5,521.5
1268.5,522.5
1268.5,523.5
1268.5,524.5
1268.5,525.5
1268.5,526.5
1268.5,527.5
1268.5,528.5
1268.5,529.5
1268.5,530.5
1268.5,531.5
1268.5,532.5
1268.5,533.5
1268.5,534.5
1268.5,535.5
1268.5,536.5
1268.5,537.5
1268.5,538.5
1268.5,539.5
1268.5,540.5
1268.5,541.5
1268.5,542.5
1268.5,543.5
1268.5,544.5
1268.5,545.5
1268.5,546.5
1268.5,547.5
1268.5,548.5
1268.5,549.5
1268.5,550.5
1268.5,551.5
1268.5,552.5
1268.5,553.5
1268.5,554.5
1268.5,555.5
1268.5,556.5
1268.5,557.5
1268.5,558.5
1268.5,559.5
1268.5,560.5
1268.5,561.5
1268.5,562.5
1268.5,563.5
1268.5,564.5
1268.5,565.5
1268.5,566.5
1268.5,567.5
1268.5,568.5
1268.5,569.5
1268.5,570.5
1268.5,571.5
1268.5,572.5
1268.5,573.5
1268.5,574.5
1268.5,575.5
1268.5,576.5
1268.5,577.5
1268.5,578.5
1268.5,579.5
1268.5,580.5
1268.5,581.5
1268.5,582.5
1268.5,583.5
1268.5,584.5
1268.5,585.5
1268.5,586.5
1268.5,587.5
1268.5,588.5
1268.5,589.5
1268.5,590.5
1268.5,591.5
1268.5,592.5
1268.5,593.5
1268.5,594.5
1268.5,595.5
1268.5,596.5
1268.5,597.5
1268.5,598.5
1268.5,599.5
1268.5,600.5
1268.5,601.5
1268.5,602.5
1268.5,603.5
1268.5,604.5
1268.5,605.5
1268.5,606.5
1268.5,607.5
1268.5,608.5
1268.5,609.5
1268.5,610.5
1268.5,611.5
1268.5,612.5
1268.5,613.5
1268.5,614.5
1268.5,615.5
1268.5,616.5
1268.5,617.5
1268.5,618.5
1268.5,619.5
1268.5,620.5
1268.5,621.5
1268.5,622.5
1268.5,623.5
1268.5,624.5
1268.5,625.5
1268.5,626.5
1268.5,627.5
1268.5,628.5
1268.5,629.5
1268.5,630.5
1268.5,631.5
1268.5,632.5
1268.5,633.5
1268.5,634.5
1268.5,635.5
1268.5,636.5
1268.5,637.5
1268.5,638.5
1268.5,639.5
1268.5,640.5
1268.5,641.5
1268.5,642.5
1268.5,643.5
1268.5,644.5
1268.5,645.5
1268.5,646.5
1268.5,647.5
1268.5,648.5
1268.5,649.5
1268.5,650.5
1268.5,651.5
1268.5,652.5
1268.5,653.5
1268.5,654.5
1268.5,655.5
1268.5,656.5
1268.5,657.5
1268.5,658.5
1268.5,659.5
1268.5,660.5
1268.5,661.5
1268.5,662.5
1268.5,663.5
1268.5,664.5
1268.5,665.5
1268.5,666.5
1268.5,667.5
1268.5,668.5
1268.5,669.5
1268.5,670.5
1268.5,671.5
1268.5,672.5
1268.5,673.5
1268.5,674.5
1268.5,675.5
1268.5,676.5
1268.5,677.5
1268.5,678.5
1268.5,679.5
1268.5,680.5
1268.5,681.5
1268.5,682.5
1268.5,683.5
1268.5,684.5
1268.5,685.5
1268.5,686.5
1268.5,687.5
1268.5,688.5
1268.5,689.5
1268.5,690.5
1268.5,691.5
1268.5,692.5
1268.5,693.5
1268.5,694.5
1268.5,695.5
1268.5,696.5
1268.5,697.5
1268.5,698.5
1268.5,699.5
1268.5,700.5
1268.5,701.5
1268.5,702.5
1268.5,703.5
1268.5,704.5
1268.5,705.5
1268.5,706.5
1268.5,707.5
1268.5,708.5
1268.5,709.5
1268.5,710.5
1268.5,711.5
1268.5,712.5
1268.5,713.5
1268.5,714.5
1268.5,715.5
1268.5,716.5
1268.5,717.5
1268.5,718.5
1268.5,719.5
1268.5,720.5
1268.5,721.5
1268.5,722.5
1268.5,723.5
1268.5,724.5
1268.5,725.5
1268.5,726.5
1268.5,727.5
1268.5,728.5
1268.5,729.5
1268.5,730.5
1268.5,731.5
1268.5,732.5
1268.5,733.5
1268.5,734.5
1268.5,735.5
1268.5,736.5
1268.5,737.5
1268.5,738.5
1268.5,739.5
1268.5,740.5
1268.5,741.5
1268.5,742.5
1268.5,743.5
1268.5,744.5
1268.5,745.5
1268.5,746.5
1268.5,747.5
1268.5,748.5
1268.5,749.5
1268.5,750.5
1268.5,751.5
1268.5,752.5
1268.5,753.5
1268.5,754.5
1268.5,755.5
1268.5,756.5
1268.5,757.5
1268.5,758.5
1268.5,759.5
1268.5,760.5
1268.5,761.5
1268.5,762.5
1268.5,763.5
1268.5,764.5
1268.5,765.5
1268.5,766.5
1268.5,767.5
1268.5,768.5
1268.5,769.5
1268.5,770.5
1268.5,771.5
1268.5,772.5
1268.5,773.5
1268.5,774.5
1268.5,775.5
1268.5,776.5
1268.5,777.5
1268.5,778.5
1268.5,779.5
1268.5,780.5
1268.5,781.5
1268.5,782.5
1268.5,783.5
1268.5,784.5
1268.5,785.5
1268.5,786.5
1268.5,787.5
1268.5,788.5
1268.5,789.5
1268.5,790.5
1268.5,791.5
1268.5,792.5
1268.5,793.5
1268.5,794.5
1268.5,795.5
1268.5,796.5
1268.5,797.5
1268.5,798.5
1268.5,799.5
1268.5,800.5
1268.5,801.5
1268.5,802.5
1268.5,803.5
1268.5,804.5
1268.5,805.5
1268.5,806.5
1268.5,807.5
1268.5,808.5
1268.5,809.5
1268.5,810.5
1268.5,811.5
1268.5,812.5
1268.5,813.5
1268.5,814.5
1268.5,815.5
1268.5,816.5
1268.5,817.5
1268.5,818.5
1268.5,819.5
1268.5,820.5
1268.5,821.5
1268.5,822.5
1268.5,823.5
1268.5,824.5
1268.5,825.5
1268.5,826.5
1268.5,827.5
1268.5,828.5
1268.5,829.5
1268.5,830.5
1268.5,831.5
1268.5,832.5
1268.5,833.5
1268.5,834.5
1268.5,835.5
1268.5,836.5
1268.5,837.5
1268.5,838.5
1268.5,839.5
1268.5,840.5
1268.5,841.5
1268.5,842.5
1268.5,843.5
1268.5,844.5
1268.5,845.5
1268.5,846.5
1268.5,847.5
1268.5,848.5
1268.5,849.5
1268.5,850.5
1268.5,851.5
1268.5,852.5
1268.5,853.5
1268.5,854.5
1268.5,855.5
1268.5,856.5
1268.5,857.5
1268.5,858.5
1268.5,859.5
1268.5,860.5
1268.5,861.5
1268.5,862.5
1268.5,863.5
1268.5,864.5
1268.5,865.5
1268.5,866.5
1268.5,867.5
1268.5,868.5
1268.5,869.5
1268.5,870.5
1268.5,871.5
1268.5,872.5
1268.5,873.5
1268.5,874.5
1268.5,875.5
1268.5,876.5
1268.5,877.5
1268.5,878.5
1268.5,879.5
1268.5,880.5
1268.5,881.5
1268.5,882.5
1268.5,883.5
1268.5,884.5
1268.5,885.5
1268.5,886.5
1268.5,887.5
1268.5,888.5
1268.5,889.5
1268.5,890.5
1268.5,891.5
1268.5,892.5
1268.5,893.5
1268.5,894.5
1268.5,895.5
1268.5,896.5
1268.5,897.5
1268.5,898.5
1268.5,899.5
1268.5,900.5
1268.5,901.5
1268.5,902.5
1268.5,903.5
1268.5,904.5
1268.5,905.5
1268.5,906.5
1268.5,907.5
1268.5,908.5
1268.5,909.5
1268.5,910.5
1268.5,911.5
1268.5,912.5
1268.5,913.5
1268.5,914.5
1268.5,915.5
1268.5,916.5
1268.5,917.5
1268.5,918.5
1269.5,918.5
1269.5,919.5
1269.5,920.5
1269.5,921.5
1269.5,922.5
1269.5,923.5
1269.5,924.5
1269.5,925.5
1269.5,926.5
1269.5,927.5
1269.5,928.5
1269.5,929.5
1269.5,930.5
1269.5,931.5
1269.5,932.5
1269.5,933.5
1269.5,934.5
1269.5,935.5
1269.5,936.5
1269.5,937.5
1269.5,938.5
1269.5,939.5
1269.5,940.5
1269.5,941.5
1269.5,942.5
1269.5,943.5
1269.5,944.5
1269.5,945.5
1269.5,946.5
1269.5,947.5
1269.5,948.5
1269.5,949.5
1269.5,950.5
1269.5,951.5
1269.5,952.5
1269.5,953.5
1269.5,954.5
1269.5,955.5
1269.5,956.5
1269.5,957.5
1269.5,958.5
1269.5,959.5
1269.5,960.5
1269.5,961.5
1269.5,962.5
1269.5,963.5
1269.5,964.5
1269.5,965.5
1269.5,966.5
1269.5,967.5
1269.5,968.5
1269.5,969.5
1269.5,970.5
1269.5,971.5
1269.5,972.5
1269.5,973.5
1269.5,974.5
1269.5,975.5
1269.5,976.5
1269.5,977.5
1269.5,978.5
1269.5,979.5
1269.5,980.5
1269.5,981.5
1269.5,982.5
1269.5,983.5
1269.5,984.5
1269.5,985.5
1269.5,986.5
1269.5,987.5
1269.5,988.5
1269.5,989.5
1269.5,990.5
1269.5,991.5
1269.5,992.5
1269.5,993.5
1269.5,994.5
1269.5,995.5
1269.5,996.5
1269.5,997.5
1269.5,998.5
1269.5,999.5
1269.5,1000.5
1269.5,1001.5
1269.5,1002.5
1269.5,1003.5
1269.5,1004.5
1269.5,1005.5
1269.5,1006.5
1269.5,1007.5
1269.5,1008.5
1269.5,1009.5
1269.5,1010.5
1269.5,1011.5
1269.5,1012.5
1269.5,1013.5
1269.5,1014.5
1269.5,1015.5
1268.5,1015.5
1267.5,1015.5
1266.5,1015.5
1265.5,1015.5
1264.5,1015.5
1263.5,1015.5
1262.5,1015.5
1261.5,1015.5
1260.5,1015.5
1259.5,1015.5
1258.5,1015.5
1257.5,1015.5
1256.5,1015.5
1255.5,1015.5
1254.5,1015.5
1253.5,1015.5
1252.5,1015.5
1251.5,1015.5
1250.5,1015.5
1249.5,1015.5
1248.5,1015.5
1247.5,1015.5
1246.5,1015.5
1245.5,1015.5
1244.5,1015.5
1243.5,1015.5
1242.5,1015.5
1241.5,1015.5
1240.5,1015.5
1239.5,1015.5
1238.5,1015.5
1237.5,1015.5
1236.5,1015.5
1235.5,1015.5
1234.5,1015.5
1233.5,1015.5
1232.5,1015.5
1231.5,1015.5
1230.5,1015.5
1229.5,1015.5
1228.5,1015.5
1227.5,1015.5
1226.5,1015.5
1225.5,1015.5
1224.5,1015.5
1223.5,1015.5
1222.5,1015.5
1221.5,1015.5
1220.5,1015.5
1219.5,1015.5
1218.5,1015.5
1217.5,1015.5
1216.5,1015.5
1215.5,1015.5
1214.5,1015.5
1213.5,1015.5
1212.5,1015.5
1211.5,1015.5
1210.5,1015.5
1209.5,1015.5
1208.5,1015.5
1207.5,1015.5
1206.5,1015.5
1205.5,1015.5
1204.5,1015.5
1203.5,1015.5
1202.5,1015.5
1201.5,1015.5
1200.5,1015.5
1199.5,1015.5
1198.5,1015.5
1197.5,1015.5
1196.5,1015.5
1195.5,1015.5
1194.5,1015.5
1193.5,1015.5
1192.5,1015.5
1191.5,1015.5
1190.5,1015.5
1189.5,1015.5
1188.5,1015.5
1187.5,1015.5
1186.5,1015.5
1185.5,1015.5
1184.5,1015.5
1183.5,1015.5
1182.5,1015.5
1181.5,1015.5
1180.5,1015.5
1179.5,1015.5
1178.5,1015.5
1177.5,1015.5
1176.5,1015.5
1175.5,1015.5
1174.5,1015.5
1173.5,1015.5
1172.5,1015.5
1171.5,1015.5
1170.5,1015.5
1169.5,1015.5
1168.5,1015.5
1167.5,1015.5
1166.5,1015.5
1165.5,1015.5
1164.5,1015.5
1163.5,1015.5
1162.5,1015.5
1161.5,1015.5
1160.5,1015.5
1159.5,1015.5
1158.5,1015.5
1157.5,1015.5
1156.5,1015.5
1155.5,1015.5
1155.5,1014.5
1154.5,1014.5
1153.5,1014.5
1152.5,1014.5
1151.5,1014.5
1150.5,1014.5
1149.5,1014.5
1148.5,1014.5
1147.5,1014.5
1146.5,1014.5
1145.5,1014.5
1144.5,1014.5
1143.5,1014.5
1142.5,1014.5
1141.5,1014.5
1140.5,1014.5
1139.5,1014.5
1138.5,1014.5
1137.5,1014.5
1136.5,1014.5
1135.5,1014.5
1134.5,1014.5
1133.5,1014.5
1132.5,1014.5
1131.5,1014.5
1130.5,1014.5
1129.5,1014.5
1128.5,1014.5
1127.5,1014.5
1126.5,1014.5
1125.5,1014.5
1124.5,1014.5
1123.5,1014.5
1122.5,1014.5
1121.5,1014.5
1120.5,1014.5
1119.5,1014.5
1118.5,1014.5
1117.5,1014.5
1116.5,1014.5
1115.5,1014.5
1114.5,1014.5
1113.5,1014.5
1112.5,1014.5
1111.5,1014.5
1110.5,1014.5
1109.5,1014.5
1108.5,1014.5
1107.5,1014.5
1106.5,1014.5
1105.5,1014.5
1104.5,1014.5
1103.5,1014.5
1102.5,1014.5
1101.5,1014.5
1100.5,1014.5
1099.5,1014.5
1098.5,1014.5
1097.5,1014.5
1096.5,1014.5
1095.5,1014.5
1094.5,1014.5
1093.5,1014.5
1092.5,1014.5
1091.5,1014.5
1090.5,1014.5
1089.5,1014.5
1088.5,1014.5
1087.5,1014.5
1086.5,1014.5
1085.5,1014.5
1084.5,1014.5
1083.5,1014.5
1082.5,1014.5
1081.5,1014.5
1080.5,1014.5
1079.5,1014.5
1078.5,1014.5
1077.5,1014.5
1076.5,1014.5
1075.5,1014.5
1074.5,1014.5
1073.5,1014.5
1072.5,1014.5
1071.5,1014.5
1070.5,1014.5
1069.5,1014.5
1068.5,1014.5
1067.5,1014.5
1066.5,1014.5
1065.5,1014.5
1064.5,1014.5
1063.5,1014.5
1062.5,1014.5
1061.5,1014.5
1060.5,1014.5
1059.5,1014.5
1058.5,1014.5
1057.5,1014.5
1056.5,1014.5
1055.5,1014.5
1054.5,1014.5
1053.5,1014.5
1052.5,1014.5
1051.5,1014.5
1050.5,1014.5
1049.5,1014.5
1048.5,1014.5
1047.5,1014.5
1046.5,1014.5
1045.5,1014.5
1044.5,1014.5
1043.5,1014.5
1042.5,1014.5
1041.5,1014.5
1040.5,1014.5
1039.5,1014.5
1038.5,1014.5
1037.5,1014.5
1036.5,1014.5
1035.5,1014.5
1034.5,1014.5
1033.5,1014.5
1032.5,1014.5
1031.5,1014.5
1030.5,1014.5
1029.5,1014.5
1028.5,1014.5
1027.5,1014.5
1026.5,1014.5
1025.5,1014.5
1024.5,1014.5
1023.5,1014.5
1022.5,1014.5
1021.5,1014.5
1020.5,1014.5
1019.5,1014.5
1018.5,1014.5
1017.5,1014.5
1016.5,1014.5
1015.5,1014.5
1014.5,1014.5
1013.5,1014.5
1012.5,1014.5
1011.5,1014.5
1010.5,1014.5
1009.5,1014.5
1008.5,1014.5
1007.5,1014.5
1006.5,1014.5
1005.5,1014.5
1004.5,1014.5
1003.5,1014.5
1002.5,1014.5
1001.5,1014.5
1000.5,1014.5
999.5,1014.5
998.5,1014.5
997.5,1014.5
996.5,1014.5
995.5,1014.5
994.5,1014.5
993.5,1014.5
992.5,1014.5
991.5,1014.5
990.5,1014.5
989.5,1014.5
988.5,1014.5
987.5,1014.5
986.5,1014.5
985.5,1014.5
984.5,1014.5
983.5,1014.5
982.5,1014.5
981.5,1014.5
980.5,1014.5
979.5,1014.5
978.5,1014.5
977.5,1014.5
976.5,1014.5
975.5,1014.5
974.5,1014.5
973.5,1014.5
972.5,1014.5
971.5,1014.5
970.5,1014.5
969.5,1014.5
968.5,1014.5
968.5,1013.5
967.5,1013.5
966.5,1013.5
965.5,1013.5
965.5,1014.5
964.5,1014.5
963.5,1014.5
962.5,1014.5
961.5,1014.5
960.5,1014.5
959.5,1014.5
958.5,1014.5
957.5,1014.5
957.5,1013.5
956.5,1013.5
955.5,1013.5
954.5,1013.5
953.5,1013.5
952.5,1013.5
951.5,1013.5
950.5,1013.5
949.5,1013.5
948.5,1013.5
947.5,1013.5
946.5,1013.5
945.5,1013.5
944.5,1013.5
943.5,1013.5
942.5,1013.5
941.5,1013.5
940.5,1013.5
939.5,1013.5
938.5,1013.5
937.5,1013.5
936.5,1013.5
935.5,1013.5
934.5,1013.5
933.5,1013.5
932.5,1013.5
931.5,1013.5
930.5,1013.5
929.5,1013.5
928.5,1013.5
927.5,1013.5
926.5,1013.5
925.5,1013.5
924.5,1013.5
923.5,1013.5
922.5,1013.5
921.5,1013.5
920.5,1013.5
919.5,1013.5
918.5,1013.5
917.5,1013.5
916.5,1013.5
915.5,1013.5
914.5,1013.5
913.5,1013.5
912.5,1013.5
911.5,1013.5
910.5,1013.5
909.5,1013.5
908.5,1013.5
907.5,1013.5
906.5,1013.5
905.5,1013.5
904.5,1013.5
903.5,1013.5
902.5,1013.5
901.5,1013.5
900.5,1013.5
899.5,1013.5
898.5,1013.5
897.5,1013.5
896.5,1013.5
895.5,1013.5
894.5,1013.5
893.5,1013.5
892.5,1013.5
891.5,1013.5
891.5,1014.5
890.5,1014.5
889.5,1014.5
888.5,1014.5
887.5,1014.5
886.5,1014.5
885.5,1014.5
884.5,1014.5
883.5,1014.5
882.5,1014.5
881.5,1014.5
880.5,1014.5
879.5,1014.5
878.5,1014.5
877.5,1014.5
876.5,1014.5
875.5,1014.5
874.5,1014.5
873.5,1014.5
872.5,1014.5
871.5,1014.5
870.5,1014.5
869.5,1014.5
868.5,1014.5
867.5,1014.5
866.5,1014.5
865.5,1014.5
864.5,1014.5
863.5,1014.5
862.5,1014.5
861.5,1014.5
860.5,1014.5
859.5,1014.5
858.5,1014.5
857.5,1014.5
856.5,1014.5
855.5,1014.5
854.5,1014.5
853.5,1014.5
852.5,1014.5
851.5,1014.5
850.5,1014.5
849.5,1014.5
848.5,1014.5
847.5,1014.5
846.5,1014.5
845.5,1014.5
844.5,1014.5
843.5,1014.5
842.5,1014.5
841.5,1014.5
840.5,1014.5
839.5,1014.5
838.5,1014.5
837.5,1014.5
836.5,1014.5
835.5,1014.5
834.5,1014.5
833.5,1014.5
832.5,1014.5
831.5,1014.5
830.5,1014.5
829.5,1014.5
828.5,1014.5
827.5,1014.5
826.5,1014.5
825.5,1014.5
824.5,1014.5
823.5,1014.5
822.5,1014.5
821.5,1014.5
820.5,1014.5
819.5,1014.5
818.5,1014.5
817.5,1014.5
816.5,1014.5
815.5,1014.5
814.5,1014.5
813.5,1014.5
812.5,1014.5
811.5,1014.5
810.5,1014.5
809.5,1014.5
808.5,1014.5
807.5,1014.5
806.5,1014.5
805.5,1014.5
804.5,1014.5
803.5,1014.5
802.5,1014.5
801.5,1014.5
800.5,1014.5
799.5,1014.5
798.5,1014.5
797.5,1014.5
796.5,1014.5
795.5,1014.5
794.5,1014.5
793.5,1014.5
792.5,1014.5
791.5,1014.5
790.5,1014.5
789.5,1014.5
788.5,1014.5
787.5,1014.5
786.5,1014.5
785.5,1014.5
784.5,1014.5
783.5,1014.5
782.5,1014.5
781.5,1014.5
780.5,1014.5
779.5,1014.5
778.5,1014.5
777.5,1014.5
776.5,1014.5
775.5,1014.5
774.5,1014.5
773.5,1014.5
772.5,1014.5
771.5,1014.5
770.5,1014.5
769.5,1014.5
768.5,1014.5
767.5,1014.5
766.5,1014.5
765.5,1014.5
764.5,1014.5
763.5,1014.5
762.5,1014.5
762.5,1015.5
762.5,1016.5
762.5,1017.5
762.5,1018.5
762.5,1019.5
762.5,1020.5
762.5,1021.5
762.5,1022.5
762.5,1023.5
762.5,1024.5
762.5,1025.5
762.5,1026.5
762.5,1027.5
762.5,1028.5
762.5,1029.5
762.5,1030.5
762.5,1031.5
762.5,1032.5
762.5,1033.5
762.5,1034.5
762.5,1035.5
762.5,1036.5
762.5,1037.5
762.5,1038.5
762.5,1039.5
762.5,1040.5
762.5,1041.5
762.5,1042.5
762.5,1043.5
762.5,1044.5
762.5,1045.5
762.5,1046.5
762.5,1047.5
762.5,1048.5
762.5,1049.5
762.5,1050.5
762.5,1051.5
762.5,1052.5
762.5,1053.5
762.5,1054.5
762.5,1055.5
762.5,1056.5
762.5,1057.5
762.5,1058.5
762.5,1059.5
762.5,1060.5
762.5,1061.5
762.5,1062.5
762.5,1063.5
762.5,1064.5
762.5,1065.5
762.5,1066.5
762.5,1067.5
762.5,1068.5
762.5,1069.5
762.5,1070.5
762.5,1071.5
762.5,1072.5
762.5,1073.5
762.5,1074.5
762.5,1075.5
762.5,1076.5
762.5,1077.5
762.5,1078.5
762.5,1079.5
762.5,1080.5
762.5,1081.5
762.5,1082.5
762.5,1083.5
762.5,1084.5
762.5,1085.5
762.5,1086.5
762.5,1087.5
762.5,1088.5
762.5,1089.5
762.5,1090.5
762.5,1091.5
762.5,1092.5
762.5,1093.5
762.5,1094.5
762.5,1095.5
762.5,1096.5
762.5,1097.5
762.5,1098.5
762.5,1099.5
762.5,1100.5
762.5,1101.5
762.5,1102.5
762.5,1103.5
762.5,1104.5
762.5,1105.5
762.5,1106.5
762.5,1107.5
762.5,1108.5
762.5,1109.5
762.5,1110.5
762.5,1111.5
762.5,1112.5
762.5,1113.5
762.5,1114.5
762.5,1115.5
762.5,1116.5
762.5,1117.5
762.5,1118.5
762.5,1119.5
762.5,1120.5
762.5,1121.5
762.5,1122.5
762.5,1123.5
762.5,1124.5
762.5,1125.5
762.5,1126.5
762.5,1127.5
762.5,1128.5
762.5,1129.5
762.5,1130.5
762.5,1131.5
762.5,1132.5
762.5,1133.5
762.5,1134.5
762.5,1135.5
762.5,1136.5
762.5,1137.5
762.5,1138.5
762.5,1139.5
762.5,1140.5
762.5,1141.5
762.5,1142.5
762.5,1143.5
762.5,1144.5
762.5,1145.5
762.5,1146.5
762.5,1147.5
762.5,1148.5
762.5,1149.5
762.5,1150.5
762.5,1151.5
762.5,1152.5
762.5,1153.5
762.5,1154.5
762.5,1155.5
762.5,1156.5
762.5,1157.5
762.5,1158.5
762.5,1159.5
762.5,1160.5
762.5,1161.5
762.5,1162.5
762.5,1163.5
762.5,1164.5
762.5,1165.5
762.5,1166.5
762.5,1167.5
762.5,1168.5
762.5,1169.5
762.5,1170.5
762.5,1171.5
762.5,1172.5
762.5,1173.5
762.5,1174.5
762.5,1175.5
762.5,1176.5
762.5,1177.5
762.5,1178.5
762.5,1179.5
762.5,1180.5
762.5,1181.5
762.5,1182.5
762.5,1183.5
762.5,1184.5
762.5,1185.5
762.5,1186.5
762.5,1187.5
762.5,1188.5
762.5,1189.5
762.5,1190.5
762.5,1191.5
762.5,1192.5
762.5,1193.5
762.5,1194.5
762.5,1195.5
762.5,1196.5
762.5,1197.5
762.5,1198.5
762.5,1199.5
762.5,1200.5
762.5,1201.5
762.5,1202.5
762.5,1203.5
762.5,1204.5
762.5,1205.5
762.5,1206.5
762.5,1207.5
762.5,1208.5
762.5,1209.5
762.5,1210.5
762.5,1211.5
762.5,1212.5
762.5,1213.5
762.5,1214.5
762.5,1215.5
762.5,1216.5
762.5,1217.5
762.5,1218.5
762.5,1219.5
762.5,1220.5
762.5,1221.5
762.5,1222.5
762.5,1223.5
762.5,1224.5
762.5,1225.5
762.5,1226.5
762.5,1227.5
762.5,1228.5
762.5,1229.5
762.5,1230.5
762.5,1231.5
762.5,1232.5
762.5,1233.5
762.5,1234.5
762.5,1235.5
762.5,1236.5
762.5,1237.5
762.5,1238.5
762.5,1239.5
762.5,1240.5
762.5,1241.5
762.5,1242.5
762.5,1243.5
762.5,1244.5
762.5,1245.5
762.5,1246.5
762.5,1247.5
762.5,1248.5
762.5,1249.5
762.5,1250.5
762.5,1251.5
762.5,1252.5
762.5,1253.5
762.5,1254.5
762.5,1255.5
762.5,1256.5
762.5,1257.5
762.5,1258.5
762.5,1259.5
762.5,1260.5
762.5,1261.5
762.5,1262.5
762.5,1263.5
762.5,1264.5
762.5,1265.5
762.5,1266.5
762.5,1267.5
762.5,1268.5
762.5,1269.5
761.5,1269.5
760.5,1269.5
759.5,1269.5
758.5,1269.5
757.5,1269.5
756.5,1269.5
755.5,1269.5
754.5,1269.5
753.5,1269.5
752.5,1269.5
751.5,1269.5
750.5,1269.5
749.5,1269.5
748.5,1269.5
747.5,1269.5
746.5,1269.5
745.5,1269.5
744.5,1269.5
743.5,1269.5
742.5,1269.5
741.5,1269.5
740.5,1269.5
739.5,1269.5
738.5,1269.5
737.5,1269.5
736.5,1269.5
735.5,1269.5
734.5,1269.5
733.5,1269.5
732.5,1269.5
731.5,1269.5
730.5,1269.5
729.5,1269.5
728.5,1269.5
727.5,1269.5
726.5,1269.5
725.5,1269.5
724.5,1269.5
723.5,1269.5
722.5,1269.5
721.5,1269.5
720.5,1269.5
719.5,1269.5
718.5,1269.5
717.5,1269.5
716.5,1269.5
715.5,1269.5
714.5,1269.5
713.5,1269.5
712.5,1269.5
711.5,1269.5
710.5,1269.5
709.5,1269.5
708.5,1269.5
707.5,1269.5
706.5,1269.5
705.5,1269.5
704.5,1269.5
703.5,1269.5
702.5,1269.5
701.5,1269.5
700.5,1269.5
699.5,1269.5
698.5,1269.5
697.5,1269.5
696.5,1269.5
695.5,1269.5
694.5,1269.5
693.5,1269.5
692.5,1269.5
691.5,1269.5
690.5,1269.5
689.5,1269.5
688.5,1269.5
687.5,1269.5
686.5,1269.5
685.5,1269.5
684.5,1269.5
683.5,1269.5
682.5,1269.5
681.5,1269.5
680.5,1269.5
679.5,1269.5
678.5,1269.5
677.5,1269.5
676.5,1269.5
675.5,1269.5
674.5,1269.5
673.5,1269.5
672.5,1269.5
671.5,1269.5
670.5,1269.5
669.5,1269.5
668.5,1269.5
667.5,1269.5
666.5,1269.5
665.5,1269.5
664.5,1269.5
663.5,1269.5
662.5,1269.5
661.5,1269.5
661.5,1268.5
660.5,1268.5
659.5,1268.5
658.5,1268.5
657.5,1268.5
656.5,1268.5
655.5,1268.5
654.5,1268.5
653.5,1268.5
652.5,1268.5
651.5,1268.5
650.5,1268.5
649.5,1268.5
648.5,1268.5
647.5,1268.5
646.5,1268.5
645.5,1268.5
644.5,1268.5
643.5,1268.5
642.5,1268.5
641.5,1268.5
640.5,1268.5
639.5,1268.5
638.5,1268.5
637.5,1268.5
636.5,1268.5
635.5,1268.5
634.5,1268.5
633.5,1268.5
632.5,1268.5
631.5,1268.5
630.5,1268.5
629.5,1268.5
628.5,1268.5
627.5,1268.5
626.5,1268.5
625.5,1268.5
624.5,1268.5
623.5,1268.5
622.5,1268.5
621.5,1268.5
620.5,1268.5
619.5,1268.5
618.5,1268.5
617.5,1268.5
616.5,1268.5
615.5,1268.5
614.5,1268.5
613.5,1268.5
612.5,1268.5
611.5,1268.5
610.5,1268.5
609.5,1268.5
608.5,1268.5
607.5,1268.5
606.5,1268.5
605.5,1268.5
604.5,1268.5
603.5,1268.5
602.5,1268.5
601.5,1268.5
600.5,1268.5
599.5,1268.5
598.5,1268.5
597.5,1268.5
596.5,1268.5
595.5,1268.5
594.5,1268.5
593.5,1268.5
592.5,1268.5
591.5,1268.5
590.5,1268.5
589.5,1268.5
588.5,1268.5
587.5,1268.5
586.5,1268.5
585.5,1268.5
584.5,1268.5
583.5,1268.5
582.5,1268.5
581.5,1268.5
580.5,1268.5
579.5,1268.5
578.5,1268.5
577.5,1268.5
576.5,1268.5
575.5,1268.5
574.5,1268.5
573.5,1268.5
572.5,1268.5
571.5,1268.5
570.5,1268.5
569.5,1268.5
568.5,1268.5
567.5,1268.5
566.5,1268.5
565.5,1268.5
564.5,1268.5
563.5,1268.5
562.5,1268.5
561.5,1268.5
560.5,1268.5
559.5,1268.5
558.5,1268.5
557.5,1268.5
556.5,1268.5
555.5,1268.5
554.5,1268.5
553.5,1268.5
552.5,1268.5
551.5,1268.5
550.5,1268.5
549.5,1268.5
548.5,1268.5
547.5,1268.5
546.5,1268.5
545.5,1268.5
544.5,1268.5
543.5,1268.5
542.5,1268.5
541.5,1268.5
540.5,1268.5
539.5,1268.5
538.5,1268.5
537.5,1268.5
536.5,1268.5
535.5,1268.5
534.5,1268.5
533.5,1268.5
532.5,1268.5
531.5,1268.5
530.5,1268.5
529.5,1268.5
528.5,1268.5
527.5,1268.5
526.5,1268.5
525.5,1268.5
524.5,1268.5
523.5,1268.5
522.5,1268.5
521.5,1268.5
520.5,1268.5
519.5,1268.5
518.5,1268.5
517.5,1268.5
516.5,1268.5
515.5,1268.5
514.5,1268.5
513.5,1268.5
512.5,1268.5
511.5,1268.5
510.5,1268.5
509.5,1268.5
508.5,1268.5
507.5,1268.5
506.5,1268.5
505.5,1268.5
504.5,1268.5
503.5,1268.5
502.5,1268.5
501.5,1268.5
500.5,1268.5
499.5,1268.5
498.5,1268.5
497.5,1268.5
496.5,1268.5
495.5,1268.5
494.5,1268.5
493.5,1268.5
492.5,1268.5
491.5,1268.5
490.5,1268.5
489.5,1268.5
488.5,1268.5
487.5,1268.5
486.5,1268.5
485.5,1268.5
484.5,1268.5
483.5,1268.5
482.5,1268.5
481.5,1268.5
480.5,1268.5
479.5,1268.5
478.5,1268.5
477.5,1268.5
477.5,1269.5
476.5,1269.5
475.5,1269.5
474.5,1269.5
473.5,1269.5
472.5,1269.5
471.5,1269.5
470.5,1269.5
469.5,1269.5
468.5,1269.5
467.5,1269.5
466.5,1269.5
465.5,1269.5
464.5,1269.5
463.5,1269.5
462.5,1269.5
461.5,1269.5
460.5,1269.5
459.5,1269.5
458.5,1269.5
457.5,1269.5
456.5,1269.5
455.5,1269.5
454.5,1269.5
453.5,1269.5
452.5,1269.5
451.5,1269.5
450.5,1269.5
449.5,1269.5
448.5,1269.5
447.5,1269.5
446.5,1269.5
445.5,1269.5
444.5,1269.5
443.5,1269.5
442.5,1269.5
441.5,1269.5
440.5,1269.5
439.5,1269.5
438.5,1269.5
437.5,1269.5
436.5,1269.5
435.5,1269.5
434.5,1269.5
433.5,1269.5
432.5,1269.5
431.5,1269.5
430.5,1269.5
429.5,1269.5
428.5,1269.5
427.5,1269.5
426.5,1269.5
425.5,1269.5
424.5,1269.5
423.5,1269.5
422.5,1269.5
421.5,1269.5
420.5,1269.5
419.5,1269.5
418.5,1269.5
417.5,1269.5
416.5,1269.5
415.5,1269.5
414.5,1269.5
413.5,1269.5
412.5,1269.5
411.5,1269.5
410.5,1269.5
409.5,1269.5
409.5,1268.5
408.5,1268.5
407.5,1268.5
406.5,1268.5
405.5,1268.5
404.5,1268.5
403.5,1268.5
402.5,1268.5
401.5,1268.5
400.5,1268.5
399.5,1268.5
398.5,1268.5
397.5,1268.5
396.5,1268.5
395.5,1268.5
394.5,1268.5
393.5,1268.5
392.5,1268.5
391.5,1268.5
390.5,1268.5
389.5,1268.5
388.5,1268.5
387.5,1268.5
386.5,1268.5
385.5,1268.5
384.5,1268.5
383.5,1268.5
382.5,1268.5
381.5,1268.5
380.5,1268.5
379.5,1268.5
378.5,1268.5
377.5,1268.5
376.5,1268.5
375.5,1268.5
374.5,1268.5
373.5,1268.5
372.5,1268.5
371.5,1268.5
370.5,1268.5
369.5,1268.5
368.5,1268.5
367.5,1268.5
366.5,1268.5
365.5,1268.5
364.5,1268.5
363.5,1268.5
362.5,1268.5
361.5,1268.5
360.5,1268.5
359.5,1268.5
358.5,1268.5
357.5,1268.5
356.5,1268.5
355.5,1268.5
354.5,1268.5
353.5,1268.5
352.5,1268.5
351.5,1268.5
350.5,1268.5
349.5,1268.5
348.5,1268.5
347.5,1268.5
346.5,1268.5
345.5,1268.5
344.5,1268.5
343.5,1268.5
342.5,1268.5
341.5,1268.5
340.5,1268.5
339.5,1268.5
338.5,1268.5
337.5,1268.5
336.5,1268.5
335.5,1268.5
334.5,1268.5
333.5,1268.5
332.5,1268.5
331.5,1268.5
330.5,1268.5
329.5,1268.5
328.5,1268.5
327.5,1268.5
326.5,1268.5
325.5,1268.5
324.5,1268.5
323.5,1268.5
322.5,1268.5
321.5,1268.5
320.5,1268.5
319.5,1268.5
318.5,1268.5
317.5,1268.5
316.5,1268.5
315.5,1268.5
314.5,1268.5
313.5,1268.5
312.5,1268.5
311.5,1268.5
310.5,1268.5
309.5,1268.5
308.5,1268.5
307.5,1268.5
306.5,1268.5
305.5,1268.5
304.5,1268.5
303.5,1268.5
302.5,1268.5
301.5,1268.5
300.5,1268.5
299.5,1268.5
298.5,1268.5
297.5,1268.5
296.5,1268.5
295.5,1268.5
294.5,1268.5
293.5,1268.5
292.5,1268.5
291.5,1268.5
290.5,1268.5
289.5,1268.5
288.5,1268.5
287.5,1268.5
286.5,1268.5
285.5,1268.5
284.5,1268.5
283.5,1268.5
282.5,1268.5
281.5,1268.5
280.5,1268.5
279.5,1268.5
278.5,1268.5
277.5,1268.5
276.5,1268.5
275.5,1268.5
274.5,1268.5
273.5,1268.5
272.5,1268.5
271.5,1268.5
270.5,1268.5
269.5,1268.5
268.5,1268.5
267.5,1268.5
266.5,1268.5
265.5,1268.5
264.5,1268.5
263.5,1268.5
262.5,1268.5
261.5,1268.5
260.5,1268.5
259.5,1268.5
258.5,1268.5
257.5,1268.5
256.5,1268.5
255.5,1268.5
254.5,1268.5
253.5,1268.5
252.5,1268.5
251.5,1268.5
250.5,1268.5
249.5,1268.5
248.5,1268.5
247.5,1268.5
246.5,1268.5
245.5,1268.5
244.5,1268.5
243.5,1268.5
242.5,1268.5
241.5,1268.5
240.5,1268.5
239.5,1268.5
238.5,1268.5
237.5,1268.5
236.5,1268.5
235.5,1268.5
234.5,1268.5
233.5,1268.5
232.5,1268.5
231.5,1268.5
230.5,1268.5
229.5,1268.5
228.5,1268.5
227.5,1268.5
226.5,1268.5
225.5,1268.5
224.5,1268.5
223.5,1268.5
222.5,1268.5
221.5,1268.5
220.5,1268.5
220.5,1267.5
219.5,1267.5
218.5,1267.5
217.5,1267.5
216.5,1267.5
215.5,1267.5
214.5,1267.5
213.5,1267.5
212.5,1267.5
211.5,1267.5
210.5,1267.5
209.5,1267.5
208.5,1267.5
207.5,1267.5
206.5,1267.5
205.5,1267.5
204.5,1267.5
203.5,1267.5
202.5,1267.5
201.5,1267.5
200.5,1267.5
199.5,1267.5
198.5,1267.5
197.5,1267.5
196.5,1267.5
195.5,1267.5
194.5,1267.5
193.5,1267.5
192.5,1267.5
191.5,1267.5
190.5,1267.5
189.5,1267.5
188.5,1267.5
187.5,1267.5
186.5,1267.5
185.5,1267.5
184.5,1267.5
183.5,1267.5
182.5,1267.5
181.5,1267.5
180.5,1267.5
179.5,1267.5
178.5,1267.5
177.5,1267.5
176.5,1267.5
175.5,1267.5
174.5,1267.5
173.5,1267.5
172.5,1267.5
171.5,1267.5
170.5,1267.5
169.5,1267.5
168.5,1267.5
167.5,1267.5
166.5,1267.5
165.5,1267.5
164.5,1267.5
163.5,1267.5
162.5,1267.5
161.5,1267.5
160.5,1267.5
159.5,1267.5
158.5,1267.5
157.5,1267.5
156.5,1267.5
155.5,1267.5
154.5,1267.5
153.5,1267.5
152.5,1267.5
151.5,1267.5
150.5,1267.5
149.5,1267.5
148.5,1267.5
147.5,1267.5
146.5,1267.5
145.5,1267.5
144.5,1267.5
143.5,1267.5
142.5,1267.5
141.5,1267.5
140.5,1267.5
139.5,1267.5
138.5,1267.5
137.5,1267.5
136.5,1267.5
135.5,1267.5
134.5,1267.5
134.5,1266.5
133.5,1266.5
132.5,1266.5
131.5,1266.5
130.5,1266.5
129.5,1266.5
128.5,1266.5
127.5,1266.5
126.5,1266.5
125.5,1266.5
124.5,1266.5
123.5,1266.5
122.5,1266.5
121.5,1266.5
120.5,1266.5
119.5,1266.5
118.5,1266.5
117.5,1266.5
116.5,1266.5
115.5,1266.5
114.5,1266.5
113.5,1266.5
112.5,1266.5
111.5,1266.5
110.5,1266.5
109.5,1266.5
108.5,1266.5
107.5,1266.5
106.5,1266.5
105.5,1266.5
104.5,1266.5
103.5,1266.5
102.5,1266.5
101.5,1266.5
100.5,1266.5
99.5,1266.5
98.5,1266.5
97.5,1266.5
96.5,1266.5
95.5,1266.5
94.5,1266.5
93.5,1266.5
92.5,1266.5
91.5,1266.5
90.5,1266.5
89.5,1266.5
88.5,1266.5
87.5,1266.5
86.5,1266.5
85.5,1266.5
84.5,1266.5
83.5,1266.5
82.5,1266.5
81.5,1266.5
80.5,1266.5
79.5,1266.5
78.5,1266.5
77.5,1266.5
76.5,1266.5
75.5,1266.5
74.5,1266.5
73.5,1266.5
72.5,1266.5
71.5,1266.5
70.5,1266.5
69.5,1266.5
68.5,1266.5
67.5,1266.5
66.5,1266.5
65.5,1266.5
64.5,1266.5
63.5,1266.5
62.5,1266.5
61.5,1266.5
60.5,1266.5
59.5,1266.5
58.5,1266.5
57.5,1266.5
56.5,1266.5
55.5,1266.5
54.5,1266.5
53.5,1266.5
53.5,1265.5
52.5,1265.5
51.5,1265.5
50.5,1265.5
49.5,1265.5
48.5,1265.5
47.5,1265.5
46.5,1265.5
45.5,1265.5
44.5,1265.5
43.5,1265.5
42.5,1265.5
41.5,1265.5
40.5,1265.5
39.5,1265.5
38.5,1265.5
37.5,1265.5
36.5,1265.5
35.5,1265.5
34.5,1265.5
33.5,1265.5
32.5,1265.5
31.5,1265.5
31.5,1266.5
30.5,1266.5
29.5,1266.5
28.5,1266.5
27.5,1266.5
26.5,1266.5
25.5,1266.5
24.5,1266.5
23.5,1266.5
22.5,1266.5
21.5,1266.5
20.5,1266.5
19.5,1266.5
18.5,1266.5
17.5,1266.5
16.5,1266.5
16.5,1267.5
15.5,1267.5
14.5,1267.5
13.5,1267.5
12.5,1267.5
11.5,1267.5
10.5,1267.5
9.5,1267.5
8.5,1267.5
7.5,1267.5
6.5,1267.5
5.5,1267.5
4.5,1267.5
3.5,1267.5
2.5,1267.5
2.5,1266.5
2.5,1265.5
2.5,1264.5
2.5,1263.5
2.5,1262.5
2.5,1261.5
2.5,1260.5
2.5,1259.5
2.5,1258.5
2.5,1257.5
2.5,1256.5
2.5,1255.5
2.5,1254.5
2.5,1253.5
2.5,1252.5
2.5,1251.5
2.5,1250.5
2.5,1249.5
2.5,1248.5
2.5,1247.5
2.5,1246.5
2.5,1245.5
2.5,1244.5
2.5,1243.5
2.5,1242.5
2.5,1241.5
2.5,1240.5
2.5,1239.5
2.5,1238.5
2.5,1237.5
2.5,1236.5
2.5,1235.5
2.5,1234.5
2.5,1233.5
2.5,1232.5
2.5,1231.5
2.5,1230.5
2.5,1229.5
2.5,1228.5
2.5,1227.5
2.5,1226.5
2.5,1225.5
2.5,1224.5
2.5,1223.5
2.5,1222.5
2.5,1221.5
2.5,1220.5
2.5,1219.5
2.5,1218.5
2.5,1217.5
2.5,1216.5
2.5,1215.5
2.5,1214.5
2.5,1213.5
2.5,1212.5
2.5,1211.5
2.5,1210.5
2.5,1209.5
2.5,1208.5
2.5,1207.5
2.5,1206.5
2.5,1205.5
2.5,1204.5
2.5,1203.5
2.5,1202.5
2.5,1201.5
2.5,1200.5
2.5,1199.5
2.5,1198.5
2.5,1197.5
2.5,1196.5
2.5,1195.5
2.5,1194.5
2.5,1193.5
2.5,1192.5
2.5,1191.5
2.5,1190.5
2.5,1189.5
2.5,1188.5
2.5,1187.5
2.5,1186.5
2.5,1185.5
2.5,1184.5
2.5,1183.5
2.5,1182.5
2.5,1181.5
2.5,1180.5
2.5,1179.5
2.5,1178.5
2.5,1177.5
2.5,1176.5
2.5,1175.5
2.5,1174.5
2.5,1173.5
2.5,1172.5
2.5,1171.5
2.5,1170.5
2.5,1169.5
2.5,1168.5
2.5,1167.5
2.5,1166.5
2.5,1165.5
2.5,1164.5
2.5,1163.5
2.5,1162.5
2.5,1161.5
2.5,1160.5
2.5,1159.5
2.5,1158.5
2.5,1157.5
2.5,1156.5
2.5,1155.5
2.5,1154.5
2.5,1153.5
2.5,1152.5
2.5,1151.5
2.5,1150.5
2.5,1149.5
2.5,1148.5
2.5,1147.5
2.5,1146.5
2.5,1145.5
2.5,1144.5
2.5,1143.5
2.5,1142.5
2.5,1141.5
2.5,1140.5
2.5,1139.5
2.5,1138.5
2.5,1137.5
2.5,1136.5
2.5,1135.5
2.5,1134.5
2.5,1133.5
2.5,1132.5
2.5,1131.5
2.5,1130.5
2.5,1129.5
2.5,1128.5
2.5,1127.5
2.5,1126.5
2.5,1125.5
2.5,1124.5
2.5,1123.5
2.5,1122.5
2.5,1121.5
2.5,1120.5
2.5,1119.5
2.5,1118.5
2.5,1117.5
2.5,1116.5
2.5,1115.5
2.5,1114.5
2.5,1113.5
2.5,1112.5
2.5,1111.5
2.5,1110.5
2.5,1109.5
2.5,1108.5
2.5,1107.5
2.5,1106.5
2.5,1105.5
2.5,1104.5
2.5,1103.5
2.5,1102.5
2.5,1101.5
2.5,1100.5
2.5,1099.5
2.5,1098.5
2.5,1097.5
2.5,1096.5
2.5,1095.5
2.5,1094.5
2.5,1093.5
2.5,1092.5
2.5,1091.5
2.5,1090.5
2.5,1089.5
2.5,1088.5
2.5,1087.5
2.5,1086.5
2.5,1085.5
2.5,1084.5
2.5,1083.5
2.5,1082.5
2.5,1081.5
2.5,1080.5
2.5,1079.5
2.5,1078.5
2.5,1077.5
2.5,1076.5
2.5,1075.5
2.5,1074.5
2.5,1073.5
2.5,1072.5
2.5,1071.5
2.5,1070.5
2.5,1069.5
2.5,1068.5
2.5,1067.5
2.5,1066.5
2.5,1065.5
2.5,1064.5
2.5,1063.5
2.5,1062.5
2.5,1061.5
2.5,1060.5
2.5,1059.5
2.5,1058.5
2.5,1057.5
2.5,1056.5
2.5,1055.5
2.5,1054.5
2.5,1053.5
2.5,1052.5
2.5,1051.5
2.5,1050.5
2.5,1049.5
2.5,1048.5
2.5,1047.5
2.5,1046.5
2.5,1045.5
2.5,1044.5
2.5,1043.5
2.5,1042.5
2.5,1041.5
2.5,1040.5
2.5,1039.5
2.5,1038.5
2.5,1037.5
2.5,1036.5
2.5,1035.5
2.5,1034.5
2.5,1033.5
2.5,1032.5
2.5,1031.5
2.5,1030.5
2.5,1029.5
2.5,1028.5
2.5,1027.5
2.5,1026.5
2.5,1025.5
2.5,1024.5
2.5,1023.5
2.5,1022.5
2.5,1021.5
2.5,1020.5
2.5,1019.5
2.5,1018.5
2.5,1017.5
2.5,1016.5
2.5,1015.5
2.5,1014.5
2.5,1013.5
2.5,1012.5
2.5,1011.5
2.5,1010.5
2.5,1009.5
2.5,1008.5
2.5,1007.5
2.5,1006.5
2.5,1005.5
2.5,1004.5
2.5,1003.5
2.5,1002.5
2.5,1001.5
2.5,1000.5
2.5,999.5
2.5,998.5
2.5,997.5
2.5,996.5
2.5,995.5
2.5,994.5
2.5,993.5
2.5,992.5
2.5,991.5
2.5,990.5
2.5,989.5
2.5,988.5
2.5,987.5
2.5,986.5
2.5,985.5
2.5,984.5
2.5,983.5
2.5,982.5
2.5,981.5
2.5,980.5
2.5,979.5
2.5,978.5
2.5,977.5
2.5,976.5
2.5,975.5
2.5,974.5
2.5,973.5
2.5,972.5
2.5,971.5
2.5,970.5
2.5,969.5
2.5,968.5
2.5,967.5
2.5,966.5
2.5,965.5
2.5,964.5
2.5,963.5
2.5,962.5
2.5,961.5
2.5,960.5
2.5,959.5
2.5,958.5
2.5,957.5
1.5,957.5
1.5,956.5
1.5,955.5
1.5,954.5
1.5,953.5
1.5,952.5
1.5,951.5
1.5,950.5
1.5,949.5
1.5,948.5
1.5,947.5
1.5,946.5
1.5,945.5
1.5,944.5
1.5,943.5
1.5,942.5
1.5,941.5
1.5,940.5
1.5,939.5
1.5,938.5
1.5,937.5
1.5,936.5
1.5,935.5
1.5,934.5
1.5,933.5
1.5,932.5
1.5,931.5
1.5,930.5
1.5,929.5
1.5,928.5
1.5,927.5
1.5,926.5
1.5,925.5
1.5,924.5
1.5,923.5
1.5,922.5
1.5,921.5
1.5,920.5
1.5,919.5
1.5,918.5
1.5,917.5
1.5,916.5
1.5,915.5
1.5,914.5
1.5,913.5
1.5,912.5
1.5,911.5
1.5,910.5
1.5,909.5
1.5,908.5
1.5,907.5
1.5,906.5
1.5,905.5
1.5,904.5
1.5,903.5
1.5,902.5
1.5,901.5
1.5,900.5
1.5,899.5
1.5,898.5
1.5,897.5
1.5,896.5
1.5,895.5
1.5,894.5
1.5,893.5
1.5,892.5
1.5,891.5
1.5,890.5
1.5,889.5
1.5,888.5
1.5,887.5
1.5,886.5
1.5,885.5
1.5,884.5
1.5,883.5
1.5,882.5
1.5,881.5
1.5,880.5
1.5,879.5
1.5,878.5
1.5,877.5
1.5,876.5
1.5,875.5
1.5,874.5
1.5,873.5
1.5,872.5
1.5,871.5
1.5,870.5
1.5,869.5
1.5,868.5
1.5,867.5
1.5,866.5
1.5,865.5
1.5,864.5
1.5,863.5
1.5,862.5
1.5,861.5
1.5,860.5
1.5,859.5
1.5,858.5
1.5,857.5
1.5,856.5
1.5,855.5
1.5,854.5
1.5,853.5
1.5,852.5
1.5,851.5
1.5,850.5
1.5,849.5
1.5,848.5
1.5,847.5
1.5,846.5
1.5,845.5
1.5,844.5
1.5,843.5
1.5,842.5
1.5,841.5
1.5,840.5
1.5,839.5
1.5,838.5
1.5,837.5
1.5,836.5
1.5,835.5
1.5,834.5
1.5,833.5
1.5,832.5
1.5,831.5
1.5,830.5
1.5,829.5
1.5,828.5
1.5,827.5
1.5,826.5
1.5,825.5
1.5,824.5
1.5,823.5
1.5,822.5
1.5,821.5
1.5,820.5
1.5,819.5
1.5,818.5
1.5,817.5
1.5,816.5
1.5,815.5
1.5,814.5
1.5,813.5
1.5,812.5
1.5,811.5
1.5,810.5
1.5,809.5
1.5,808.5
1.5,807.5
1.5,806.5
1.5,805.5
1.5,804.5
1.5,803.5
1.5,802.5
1.5,801.5
1.5,800.5
1.5,799.5
1.5,798.5
1.5,797.5
1.5,796.5
1.5,795.5
1.5,794.5
1.5,793.5
1.5,792.5
1.5,791.5
1.5,790.5
1.5,789.5
1.5,788.5
1.5,787.5
1.5,786.5
1.5,785.5
1.5,784.5
1.5,783.5
1.5,782.5
1.5,781.5
1.5,780.5
1.5,779.5
1.5,778.5
1.5,777.5
1.5,776.5
1.5,775.5
1.5,774.5
1.5,773.5
1.5,772.5
1.5,771.5
1.5,770.5
1.5,769.5
1.5,768.5
1.5,767.5
1.5,766.5
1.5,765.5
1.5,764.5
1.5,763.5
1.5,762.5
1.5,761.5
1.5,760.5
1.5,759.5
1.5,758.5
1.5,757.5
1.5,756.5
1.5,755.5
1.5,754.5
1.5,753.5
1.5,752.5
1.5,751.5
1.5,750.5
1.5,749.5
1.5,748.5
1.5,747.5
1.5,746.5
1.5,745.5
1.5,744.5
1.5,743.5
1.5,742.5
1.5,741.5
1.5,740.5
1.5,739.5
1.5,738.5
1.5,737.5
0.5,737.5
0.5,736.5
0.5,735.5
0.5,734.5
0.5,733.5
0.5,732.5
0.5,731.5
0.5,730.5
0.5,729.5
0.5,728.5
0.5,727.5
0.5,726.5
0.5,725.5
0.5,724.5
0.5,723.5
0.5,722.5
0.5,721.5
0.5,720.5
0.5,719.5
0.5,718.5
0.5,717.5
0.5,716.5
0.5,715.5
0.5,714.5
0.5,713.5
0.5,712.5
0.5,711.5
0.5,710.5
0.5,709.5
0.5,708.5
0.5,707.5
0.5,706.5
0.5,705.5
0.5,704.5
0.5,703.5
0.5,702.5
0.5,701.5
0.5,700.5
0.5,699.5
0.5,698.5
0.5,697.5
0.5,696.5
0.5,695.5
0.5,694.5
0.5,693.5
0.5,692.5
0.5,691.5
0.5,690.5
0.5,689.5
0.5,688.5
0.5,687.5
0.5,686.5
0.5,685.5
0.5,684.5
0.5,683.5
0.5,682.5
0.5,681.5
0.5,680.5
0.5,679.5
0.5,678.5
0.5,677.5
0.5,676.5
0.5,675.5
0.5,674.5
0.5,673.5
0.5,672.5
0.5,671.5
0.5,670.5
0.5,669.5
0.5,668.5
0.5,667.5
0.5,666.5
0.5,665.5
0.5,664.5
0.5,663.5
0.5,662.5
0.5,661.5
0.5,660.5
0.5,659.5
0.5,658.5
0.5,657.5
0.5,656.5
0.5,655.5
0.5,654.5
0.5,653.5
0.5,652.5
0.5,651.5
0.5,650.5
0.5,649.5
0.5,648.5
0.5,647.5
0.5,646.5
0.5,645.5
0.5,644.5
0.5,643.5
0.5,642.5
0.5,641.5
0.5,640.5
0.5,639.5
0.5,638.5
0.5,637.5
0.5,636.5
0.5,635.5
0.5,634.5
0.5,633.5
0.5,632.5
0.5,631.5
0.5,630.5
0.5,629.5
0.5,628.5
0.5,627.5
0.5,626.5
0.5,625.5
0.5,624.5
0.5,623.5
0.5,622.5
0.5,621.5
0.5,620.5
0.5,619.5
0.5,618.5
0.5,617.5
0.5,616.5
0.5,615.5
0.5,614.5
0.5,613.5
0.5,612.5
0.5,611.5
0.5,610.5
0.5,609.5
0.5,608.5
0.5,607.5
0.5,606.5
0.5,605.5
0.5,604.5
0.5,603.5
0.5,602.5
0.5,601.5
0.5,600.5
0.5,599.5
0.5,598.5
0.5,597.5
0.5,596.5
0.5,595.5
0.5,594.5
0.5,593.5
0.5,592.5
0.5,591.5
0.5,590.5
0.5,589.5
0.5,588.5
0.5,587.5
0.5,586.5
0.5,585.5
0.5,584.5
0.5,583.5
0.5,582.5
0.5,581.5
0.5,580.5
0.5,579.5
0.5,578.5
0.5,577.5
0.5,576.5
0.5,575.5
0.5,574.5
0.5,573.5
0.5,572.5
0.5,571.5
0.5,570.5
0.5,569.5
0.5,568.5
0.5,567.5
0.5,566.5
0.5,565.5
0.5,564.5
0.5,563.5
0.5,562.5
0.5,561.5
0.5,560.5
0.5,559.5
0.5,558.5
0.5,557.5
0.5,556.5
0.5,555.5
0.5,554.5
0.5,553.5
0.5,552.5
0.5,551.5
0.5,550.5
0.5,549.5
0.5,548.5
0.5,547.5
0.5,546.5
0.5,545.5
0.5,544.5
0.5,543.5
0.5,542.5
0.5,541.5
0.5,540.5
0.5,539.5
0.5,538.5
0.5,537.5
0.5,536.5
0.5,535.5
0.5,534.5
0.5,533.5
0.5,532.5
0.5,531.5
0.5,530.5
0.5,529.5
0.5,528.5
0.5,527.5
0.5,526.5
0.5,525.5
0.5,524.5
0.5,523.5
0.5,522.5
0.5,521.5
0.5,520.5
0.5,519.5
0.5,518.5
0.5,517.5
0.5,516.5
0.5,515.5
0.5,514.5
0.5,513.5
0.5,512.5
0.5,511.5
0.5,510.5
0.5,509.5
0.5,508.5
0.5,507.5
0.5,506.5
0.5,505.5
0.5,504.5
0.5,503.5
0.5,502.5
0.5,501.5
0.5,500.5
0.5,499.5
0.5,498.5
0.5,497.5
0.5,496.5
0.5,495.5
0.5,494.5
0.5,493.5
0.5,492.5
0.5,491.5
0.5,490.5
0.5,489.5
0.5,488.5
0.5,487.5
0.5,486.5
0.5,485.5
0.5,484.5
0.5,483.5
0.5,482.5
0.5,481.5
0.5,480.5
0.5,479.5
0.5,478.5
0.5,477.5
0.5,476.5
0.5,475.5
0.5,474.5
0.5,473.5
0.5,472.5
0.5,471.5
0.5,470.5
0.5,469.5
0.5,468.5
0.5,467.5
0.5,466.5
0.5,465.5
0.5,464.5
0.5,463.5
0.5,462.5
0.5,461.5
0.5,460.5
0.5,459.5
0.5,458.5
0.5,457.5
0.5,456.5
0.5,455.5
0.5,454.5
0.5,453.5
0.5,452.5
0.5,451.5
0.5,450.5
0.5,449.5
0.5,448.5
0.5,447.5
0.5,446.5
0.5,445.5
0.5,444.5
0.5,443.5
0.5,442.5
0.5,441.5
0.5,440.5
0.5,439.5
0.5,438.5
0.5,437.5
0.5,436.5
0.5,435.5
0.5,434.5
0.5,433.5
0.5,432.5
0.5,431.5
0.5,430.5
0.5,429.5
0.5,428.5
0.5,427.5
0.5,426.5
0.5,425.5
0.5,424.5
0.5,423.5
0.5,422.5
0.5,421.5
0.5,420.5
0.5,419.5
0.5,418.5
0.5,417.5
0.5,416.5
0.5,415.5
0.5,414.5
0.5,413.5
0.5,412.5
0.5,411.5
0.5,410.5
0.5,409.5
0.5,408.5
0.5,407.5
0.5,406.5
0.5,405.5
0.5,404.5
0.5,403.5
0.5,402.5
0.5,401.5
0.5,400.5
0.5,399.5
0.5,398.5
0.5,397.5
0.5,396.5
0.5,395.5
0.5,394.5
0.5,393.5
0.5,392.5
0.5,391.5
0.5,390.5
0.5,389.5
0.5,388.5
0.5,387.5
0.5,386.5
0.5,385.5
0.5,384.5
0.5,383.5
0.5,382.5
0.5,381.5
0.5,380.5
0.5,379.5
0.5,378.5
0.5,377.5
0.5,376.5
0.5,375.5
0.5,374.5
0.5,373.5
0.5,372.5
0.5,371.5
0.5,370.5
0.5,369.5
0.5,368.5
0.5,367.5
0.5,366.5
0.5,365.5
0.5,364.5
0.5,363.5
0.5,362.5
0.5,361.5
0.5,360.5
0.5,359.5
0.5,358.5
0.5,357.5
0.5,356.5
0.5,355.5
0.5,354.5
0.5,353.5
0.5,352.5
0.5,351.5
0.5,350.5
0.5,349.5
0.5,348.5
0.5,347.5
0.5,346.5
0.5,345.5
0.5,344.5
0.5,343.5
0.5,342.5
0.5,341.5
0.5,340.5
0.5,339.5
0.5,338.5
0.5,337.5
0.5,336.5
0.5,335.5
0.5,334.5
0.5,333.5
0.5,332.5
0.5,331.5
0.5,330.5
0.5,329.5
0.5,328.5
0.5,327.5
0.5,326.5
0.5,325.5
0.5,324.5
0.5,323.5
0.5,322.5
0.5,321.5
0.5,320.5
0.5,319.5
0.5,318.5
0.5,317.5
0.5,316.5
0.5,315.5
0.5,314.5
0.5,313.5
0.5,312.5
0.5,311.5
0.5,310.5
0.5,309.5
0.5,308.5
0.5,307.5
0.5,306.5
0.5,305.5
0.5,304.5
0.5,303.5
0.5,302.5
0.5,301.5
0.5,300.5
0.5,299.5
0.5,298.5
0.5,297.5
0.5,296.5
0.5,295.5
0.5,294.5
0.5,293.5
0.5,292.5
0.5,291.5
0.5,290.5
0.5,289.5
0.5,288.5
0.5,287.5
0.5,286.5
0.5,285.5
0.5,284.5
0.5,283.5
0.5,282.5
0.5,281.5
0.5,280.5
0.5,279.5
0.5,278.5
0.5,277.5
0.5,276.5
0.5,275.5
0.5,274.5
0.5,273.5
0.5,272.5
0.5,271.5
0.5,270.5
0.5,269.5
0.5,268.5
0.5,267.5
0.5,266.5
0.5,265.5
0.5,264.5
0.5,263.5
0.5,262.5
0.5,261.5
0.5,260.5
0.5,259.5
0.5,258.5
0.5,257.5
0.5,256.5
0.5,255.5
0.5,254.5
0.5,253.5
0.5,252.5
0.5,251.5
0.5,250.5
0.5,249.5
0.5,248.5
0.5,247.5
0.5,246.5
0.5,245.5
0.5,244.5
0.5,243.5
0.5,242.5
0.5,241.5
0.5,240.5
0.5,239.5
0.5,238.5
0.5,237.5
0.5,236.5
0.5,235.5
0.5,234.5
0.5,233.5
0.5,232.5
0.5,231.5
0.5,230.5
0.5,229.5
0.5,228.5
0.5,227.5
0.5,226.5
0.5,225.5
0.5,224.5
0.5,223.5
0.5,222.5
0.5,221.5
0.5,220.5
0.5,219.5
0.5,218.5
0.5,217.5
0.5,216.5
0.5,215.5
0.5,214.5
0.5,213.5
0.5,212.5
0.5,211.5
0.5,210.5
0.5,209.5
0.5,208.5
0.5,207.5
0.5,206.5
0.5,205.5
0.5,204.5
0.5,203.5
0.5,202.5
0.5,201.5
0.5,200.5
0.5,199.5
0.5,198.5
0.5,197.5
0.5,196.5
0.5,195.5
0.5,194.5
0.5,193.5
0.5,192.5
0.5,191.5
-0.5,191.5
-0.5,190.5
-0.5,189.5
-0.5,188.5
-0.5,187.5
-0.5,186.5
-0.5,185.5
-0.5,184.5
-0.5,183.5
-0.5,182.5
-0.5,181.5
-0.5,180.5
-0.5,179.5
-0.5,178.5
-0.5,177.5
-0.5,176.5
-0.5,175.5
-0.5,174.5
-0.5,173.5
-0.5,172.5
-0.5,171.5
-0.5,170.5
-0.5,169.5
-0.5,168.5
-0.5,167.5
-0.5,166.5
-0.5,165.5
-0.5,164.5
-0.5,163.5
-0.5,162.5
-0.5,161.5
-0.5,160.5
-0.5,159.5
-0.5,158.5
-0.5,157.5
-0.5,156.5
-0.5,155.5
-0.5,154.5
